range,-3.0,-2.9,-2.8,-2.7,-2.6,-2.5,-2.4,-2.3,-2.2,-2.1,-2.0,-1.9,-1.8,-1.7,-1.6,-1.5
0.0,6.75,6.55,5.95,5.55,5.4,5.15,5.75,6.4,6.6,6.6,6.2,6.35,8.0,6.0,6.75,7.15
-0.05,7.85,8.15,8.3,7.45,7.15,8.15,5.6,7.1,7.9,7.5,7.95,8.7,8.45,7.2,10.1,8.7
-0.1,9.55,8.9,10.1,8.25,8.85,10.1,9.75,8.85,6.95,9.05,8.65,10.2,11.1,9.85,10.55,13.1
-0.15,10.75,12.05,11.9,9.9,11.6,10.4,11.95,11.55,11.0,12.2,12.2,12.8,11.1,12.25,14.35,14.45
-0.2,13.6,13.2,13.45,13.55,13.1,13.8,12.15,13.45,13.6,13.25,14.3,14.7,14.7,14.9,15.7,14.4
-0.25,15.0,14.9,14.9,14.45,14.85,14.8,13.95,15.6,15.4,15.3,15.6,15.8,16.3,18.55,18.05,19.8
-0.3,16.85,17.8,16.4,16.9,16.9,16.95,17.6,17.85,16.65,19.95,18.05,18.55,20.15,22.45,20.2,23.95
-0.35,18.7,19.45,19.2,19.4,19.2,19.8,19.55,20.5,20.95,19.7,21.4,20.65,21.65,25.3,24.65,29.5
-0.4,20.35,22.4,22.5,21.85,21.15,22.5,23.55,22.75,23.7,22.3,23.45,23.0,25.7,30.35,29.75,32.05
-0.45,23.6,23.8,25.35,22.5,23.85,24.9,25.4,25.4,26.15,26.9,26.95,28.45,30.7,27.9,35.15,38.2
-0.5,29.15,28.85,27.15,29.8,26.1,26.7,27.35,29.1,30.85,31.75,29.85,31.8,34.75,38.95,45.25,46.25
-0.55,30.65,30.3,30.95,30.5,31.0,30.9,31.3,34.1,33.05,33.4,35.6,39.0,39.35,46.7,44.55,60.15
-0.6,33.45,34.8,33.85,34.0,35.65,36.05,35.45,35.0,38.45,37.1,39.4,44.35,46.05,54.75,55.65,69.6
-0.65,40.6,38.75,37.9,38.7,36.1,38.15,39.95,38.85,42.6,41.8,45.8,47.0,57.35,66.35,76.15,96.55
-0.7,41.5,42.3,40.9,41.1,44.0,42.55,47.05,46.05,47.1,48.6,53.55,57.2,64.3,86.4,93.65,127.35
-0.75,45.1,51.5,49.7,47.65,48.75,49.5,49.1,52.35,51.2,54.8,59.9,65.2,70.85,91.25,113.15,170.7
-0.8,53.55,55.35,54.6,56.7,54.35,54.3,54.35,55.15,63.6,66.25,67.75,72.75,97.5,110.9,168.45,386.55
-0.85,58.6,59.15,59.6,62.35,60.6,61.9,62.2,70.9,71.5,74.5,78.1,82.5,104.6,131.9,226.2,685.0
-0.9,66.75,65.65,61.2,65.5,69.3,69.75,72.85,78.0,73.7,76.0,88.4,104.85,114.1,201.15,364.35,Inf
-0.95,70.15,75.5,65.95,77.5,80.15,77.0,82.3,84.2,89.0,98.75,125.55,131.35,184.25,267.8,Inf,Inf
-1.0,78.65,87.25,85.05,87.1,82.55,78.4,95.45,102.4,99.2,112.4,115.25,154.65,217.3,404.05,Inf,Inf
