range,-3.0,-2.9,-2.8,-2.7,-2.6,-2.5,-2.4,-2.3,-2.2,-2.1,-2.0,-1.9,-1.8,-1.7,-1.6,-1.5
0.0,7.9868421052631575,8.260526315789473,10.471052631578948,6.155263157894736,8.357894736842104,11.50263157894737,7.144736842105263,14.989473684210527,10.989473684210525,10.673684210526318,7.747368421052634,8.45,15.263157894736842,11.578947368421053,13.56578947368421,13.397368421052631
-0.05,16.45,11.292105263157895,8.852631578947369,7.944736842105263,8.028947368421052,10.450000000000003,5.726315789473685,9.147368421052633,10.200000000000001,10.578947368421053,9.839473684210526,11.589473684210526,18.155263157894737,10.378947368421054,11.25263157894737,24.326315789473682
-0.1,15.944736842105263,8.515789473684212,9.673684210526318,11.776315789473685,11.923684210526316,15.778947368421052,14.723684210526315,11.81842105263158,10.786842105263158,8.892105263157895,11.081578947368422,7.1157894736842096,14.515789473684208,20.660526315789475,15.10263157894737,26.83157894736842
-0.15,8.723684210526315,6.05,8.305263157894737,15.14736842105263,7.831578947368421,12.25263157894737,6.36578947368421,12.892105263157895,13.052631578947368,7.852631578947368,8.48421052631579,7.957894736842104,18.831578947368424,10.302631578947368,3.607894736842105,26.576315789473682
-0.2,5.621052631578947,13.957894736842105,19.31315789473684,8.05,3.6736842105263157,9.010526315789473,12.976315789473684,12.260526315789473,22.042105263157893,7.9868421052631575,17.8,30.115789473684213,27.063157894736843,36.93684210526316,27.905263157894733,32.67368421052631
-0.25,2.3157894736842106,8.726315789473684,4.621052631578947,7.944736842105263,3.502631578947369,6.273684210526315,12.892105263157896,12.042105263157897,4.252631578947368,5.063157894736843,17.30526315789474,9.221052631578948,13.905263157894737,21.628947368421052,19.207894736842103,37.642105263157895
-0.3,4.028947368421052,5.957894736842105,8.252631578947367,4.305263157894737,9.25263157894737,7.418421052631579,13.936842105263162,8.555263157894736,6.13421052631579,25.523684210526316,11.41842105263158,18.260526315789473,11.713157894736844,18.05,35.642105263157895,47.31315789473685
-0.35,9.694736842105264,11.207894736842105,6.905263157894736,7.2,5.852631578947368,7.747368421052631,5.9447368421052635,8.473684210526315,9.734210526315788,6.221052631578948,6.147368421052631,8.871052631578946,15.397368421052633,25.378947368421056,23.818421052631578,55.8421052631579
-0.4,7.292105263157894,7.2,27.105263157894736,8.555263157894737,10.976315789473686,18.894736842105264,13.313157894736841,13.144736842105264,6.6421052631578945,15.273684210526316,11.734210526315788,14.631578947368421,37.8,67.08157894736841,16.93421052631579,63.83947368421053
-0.45,7.094736842105264,16.90526315789474,28.55526315789474,8.789473684210526,6.660526315789473,13.568421052631576,21.09473684210526,32.88421052631579,18.976315789473684,36.72631578947369,14.68157894736842,30.68157894736842,37.06315789473685,22.51578947368421,91.2921052631579,162.06315789473686
-0.5,21.607894736842105,35.08157894736842,19.71315789473684,24.378947368421052,14.621052631578948,12.326315789473686,13.607894736842105,47.147368421052626,29.818421052631578,61.88157894736842,29.292105263157904,30.589473684210528,48.93421052631579,131.8394736842105,135.56578947368422,235.03947368421052
-0.55,18.028947368421054,14.010526315789477,17.523684210526316,18.68421052631579,19.05263157894737,34.515789473684215,16.431578947368422,70.41052631578947,42.36578947368421,47.93684210526315,58.98947368421052,74.21052631578948,99.50263157894737,167.37894736842105,74.05,291.5026315789474
-0.6,19.944736842105264,45.22105263157894,27.713157894736838,36.8421052631579,34.76578947368421,44.36578947368421,50.681578947368415,21.05263157894737,132.78684210526316,76.83157894736841,107.83157894736841,47.397368421052626,67.2078947368421,363.25,203.18684210526314,247.83157894736843
-0.65,76.25263157894737,18.092105263157894,32.410526315789475,31.37894736842105,31.778947368421058,42.87105263157894,61.102631578947374,34.87105263157895,32.357894736842105,22.27368421052632,157.4315789473684,55.26315789473684,238.23947368421054,271.18684210526317,862.6605263157896,2195.418421052631
-0.7,61.63157894736842,40.53684210526316,28.09473684210526,22.621052631578948,52.63157894736842,28.26052631578947,100.3657894736842,89.62894736842105,77.35789473684211,70.56842105263159,138.47105263157897,132.8,255.90526315789472,1109.621052631579,2423.3973684210528,4145.292105263158
-0.75,93.35789473684211,87.84210526315789,29.589473684210528,85.9236842105263,84.82894736842105,50.78947368421053,32.305263157894736,96.97631578947369,89.22105263157896,98.58947368421053,361.3578947368421,260.1684210526317,690.4499999999998,1262.6184210526317,4802.976315789473,6785.484210526315
-0.8,83.62894736842105,64.45,91.51578947368422,142.43157894736842,65.71315789473685,85.8,100.66052631578947,30.134210526315794,215.30526315789473,174.82894736842104,281.14473684210526,274.19736842105266,1691.1052631578948,888.7263157894737,31008.68157894736,67584.89210526316
-0.85,159.72631578947366,55.81842105263158,148.67368421052632,99.39736842105265,80.46315789473684,127.25263157894736,80.48421052631578,115.25263157894737,304.05263157894734,220.1578947368421,533.6736842105263,407.8421052631579,1610.1473684210523,1546.6210526315792,6811.642105263159,473392.2105263158
-0.9,91.14473684210526,58.449999999999996,63.95789473684211,78.89473684210526,197.1684210526316,78.51315789473684,227.08157894736843,224.0,121.48421052631578,245.1578947368421,615.1999999999999,500.97631578947363,3542.8315789473686,9714.344736842106,60010.028947368424,Inf
-0.95,174.87105263157895,157.6315789473684,57.944736842105264,396.1578947368421,81.18684210526315,115.05263157894737,460.64210526315793,201.32631578947368,511.05263157894734,612.0921052631579,1587.207894736842,1198.3447368421052,4488.3026315789475,35805.326315789476,Inf,Inf
-1.0,120.23947368421051,247.8815789473684,222.89210526315793,322.5157894736842,224.15526315789478,93.51578947368422,287.94473684210527,374.6736842105263,344.8,238.98947368421054,702.6184210526316,4628.028947368421,3937.694736842105,39301.62894736842,Inf,Inf
