range,-3.0,-2.9,-2.8,-2.7,-2.6,-2.5,-2.4,-2.3,-2.2,-2.1,-2.0,-1.9,-1.8,-1.7,-1.6,-1.5
0.0,3.6734693877551026,3.7077551020408164,6.4281632653061225,4.847346938775511,5.601632653061225,3.797551020408163,4.940408163265306,5.1938775510204085,4.57795918367347,6.202448979591837,5.843265306122448,5.908571428571428,5.316326530612245,5.15265306122449,8.011836734693878,6.122448979591836
-0.05,4.646530612244898,4.635102040816327,4.743265306122448,3.5220408163265304,4.126122448979592,4.235102040816328,6.173469387755102,3.511836734693877,6.292244897959184,6.863673469387754,5.192244897959184,7.859591836734694,4.997551020408163,6.768979591836735,7.328979591836735,7.307755102040816
-0.1,4.197551020408163,4.2187755102040825,5.95142857142857,4.979591836734694,5.797551020408163,3.369795918367347,5.740408163265306,5.734285714285715,6.448979591836735,5.067755102040816,7.680000000000001,7.957551020408164,7.561224489795919,7.683673469387755,6.011836734693879,9.546530612244897
-0.15,8.686122448979592,4.78530612244898,6.124081632653061,5.030612244897959,6.540408163265306,5.1020408163265305,7.591836734693878,5.6689795918367345,5.836734693877551,5.469387755102041,9.061632653061224,6.873877551020408,6.3840816326530625,8.377551020408163,15.565714285714286,9.39795918367347
-0.2,4.395510204081632,4.057551020408163,6.651428571428572,4.460816326530613,5.908571428571428,5.773061224489796,7.14938775510204,8.134285714285713,4.010204081632653,5.533061224489796,4.526122448979592,9.475918367346939,10.482040816326531,6.128979591836735,7.459591836734694,11.709795918367346
-0.25,8.515918367346938,8.855510204081632,6.5718367346938775,4.530612244897959,7.071020408163266,8.91469387755102,9.165714285714285,10.055510204081633,6.702448979591836,4.958775510204082,10.408163265306122,9.48734693877551,8.442448979591836,14.594285714285714,21.56122448979592,12.311836734693877
-0.3,7.5036734693877545,8.426122448979593,6.246530612244899,10.940408163265305,6.857142857142857,5.418775510204081,6.4983673469387755,7.8159183673469395,9.740408163265306,11.387755102040817,7.560816326530612,9.391428571428571,11.112244897959183,17.100408163265307,17.415918367346936,14.142448979591837
-0.35,10.107755102040816,8.120816326530612,7.826938775510204,12.244897959183673,11.587346938775509,8.604489795918367,7.706530612244898,6.775510204081633,10.077142857142858,9.467755102040817,22.040816326530614,10.857142857142858,9.479591836734693,14.264897959183674,24.153469387755102,45.20979591836734
-0.4,9.01591836734694,11.356734693877552,20.34326530612245,15.19551020408163,10.588163265306122,20.091428571428573,16.273061224489798,13.965714285714284,14.46081632653061,16.537142857142857,15.936326530612247,15.877551020408163,22.18,29.31469387755102,53.55265306122449,49.43877551020408
-0.45,11.503673469387756,20.066938775510202,10.857142857142858,12.702448979591837,11.07591836734694,10.465714285714286,15.059591836734695,14.901632653061224,20.577959183673467,16.153469387755102,17.78122448979592,28.142448979591837,16.419999999999998,32.32489795918367,57.10571428571429,46.08530612244898
-0.5,13.926938775510205,25.369795918367345,15.992244897959184,25.05673469387755,18.224081632653064,26.882040816326526,12.082040816326531,25.737142857142857,28.390204081632657,16.269795918367347,44.69428571428571,23.731020408163264,34.53061224489796,34.41183673469388,52.328163265306124,102.87510204081633
-0.55,20.708571428571428,21.07795918367347,26.746530612244896,14.028163265306123,17.34857142857143,27.769795918367343,23.64938775510204,37.71265306122449,28.70244897959184,42.92285714285714,24.040816326530614,42.76897959183674,98.28408163265306,75.83673469387755,204.0179591836735,172.61387755102044
-0.6,24.38204081632653,21.755102040816325,17.846938775510203,32.12244897959184,32.11591836734694,20.408571428571427,30.34448979591837,28.88530612244898,37.50857142857143,42.531020408163265,47.12489795918367,51.07142857142857,54.26489795918367,73.91387755102042,71.82204081632653,191.11877551020407
-0.65,30.87510204081633,56.21591836734694,33.63306122448979,38.70367346938775,23.6065306122449,47.14938775510203,54.94897959183673,70.96979591836735,32.164897959183676,53.65551020408163,70.74122448979593,50.75959183673469,99.69836734693878,94.08163265306122,281.2555102040817,316.32
-0.7,52.87714285714286,42.58816326530613,47.47795918367347,51.1465306122449,49.92,30.132653061224485,44.46571428571429,81.18734693877552,68.12244897959184,69.59551020408163,64.85061224489796,70.08,111.03836734693876,278.3983673469388,372.11795918367346,854.2791836734694
-0.75,75.20163265306121,54.36081632653062,61.628163265306135,35.187346938775505,70.81795918367348,36.458775510204084,84.25510204081633,121.87755102040816,122.9261224489796,124.4261224489796,76.84734693877552,142.96367346938774,95.2261224489796,172.48000000000002,764.0004081632654,817.6526530612244
-0.8,78.86571428571429,92.60244897959184,74.76775510204082,37.83673469387755,77.76163265306121,50.55061224489796,109.48122448979592,98.8265306122449,137.2342857142857,97.76489795918367,118.28122448979593,262.42,252.77551020408163,368.5567346938775,1502.0983673469386,2063.5057142857145
-0.85,62.98326530612245,97.88122448979593,72.28571428571429,142.24489795918367,102.62897959183675,99.26530612244898,104.71673469387757,115.93836734693879,167.56571428571428,117.28816326530614,191.56571428571428,286.4004081632653,671.3963265306122,717.9036734693877,1052.4526530612245,7104.679183673469
-0.9,125.47795918367348,86.97795918367348,127.81061224489794,172.3628571428571,140.65673469387755,102.40979591836735,121.74244897959184,181.7779591836735,208.48204081632656,204.03632653061223,486.4718367346939,475.96081632653056,1042.0408163265306,834.9616326530611,2498.6530612244896,3025.3485714285716
-0.95,212.92408163265307,125.85469387755103,150.40163265306123,259.7142857142857,122.62693877551021,222.2616326530612,222.13224489795917,295.92857142857144,239.97591836734694,350.9044897959184,152.40163265306123,442.0995918367347,760.6779591836735,1602.1730612244894,5762.785306122449,15842.530612244898
-1.0,307.97591836734694,200.5861224489796,189.16285714285712,174.15551020408165,222.8673469387755,329.7653061224489,203.35673469387754,319.2832653061225,304.6791836734694,253.37999999999997,772.2142857142857,605.6199999999999,3251.004489795918,2476.163673469388,8031.171020408164,23755.38
