range,-3.0,-2.9,-2.8,-2.7,-2.6,-2.5,-2.4,-2.3,-2.2,-2.1,-2.0,-1.9,-1.8,-1.7,-1.6,-1.5
0.0,4.04,4.026666666666666,3.973333333333333,3.933333333333333,3.9266666666666667,3.973333333333333,4.006666666666667,4.02,4.0,3.6933333333333334,4.266666666666667,3.8933333333333335,4.253333333333333,4.1,4.12,4.36
-0.05,4.653333333333333,4.546666666666667,4.42,4.573333333333333,4.433333333333334,4.52,4.48,4.613333333333333,4.46,4.466666666666667,4.56,4.633333333333334,4.526666666666666,4.726666666666667,4.88,4.5
-0.1,5.346666666666667,4.766666666666667,5.173333333333333,5.293333333333333,4.933333333333334,5.046666666666667,4.946666666666666,4.946666666666666,5.16,5.2,5.36,5.133333333333334,5.373333333333333,5.473333333333334,5.333333333333333,5.466666666666667
-0.15,5.68,5.986666666666666,5.666666666666667,6.053333333333334,5.666666666666667,6.026666666666666,5.773333333333333,5.8533333333333335,5.493333333333333,6.0,5.98,5.986666666666666,5.826666666666667,5.84,6.206666666666667,6.66
-0.2,6.54,6.653333333333333,6.64,6.326666666666667,6.42,6.8533333333333335,6.52,6.6866666666666665,6.8133333333333335,6.613333333333333,6.44,6.653333333333333,6.9,6.973333333333334,6.993333333333333,7.52
-0.25,7.233333333333333,7.64,7.12,7.153333333333333,7.626666666666667,7.32,7.233333333333333,7.266666666666667,7.633333333333334,7.773333333333333,7.573333333333333,7.76,7.833333333333333,8.013333333333334,7.906666666666666,8.146666666666667
-0.3,7.86,7.633333333333334,7.833333333333333,8.48,8.0,8.226666666666667,8.04,8.526666666666667,8.413333333333334,8.246666666666666,8.32,8.626666666666667,8.613333333333333,8.726666666666667,8.753333333333334,9.726666666666667
-0.35,9.413333333333334,9.006666666666666,9.04,8.86,9.213333333333333,9.56,9.553333333333333,9.12,9.386666666666667,9.5,9.086666666666666,9.106666666666667,9.74,9.753333333333334,9.926666666666666,10.72
-0.4,10.426666666666666,10.786666666666667,10.226666666666667,10.633333333333333,10.506666666666666,10.34,10.313333333333333,10.64,10.46,10.42,10.633333333333333,10.666666666666666,11.213333333333333,10.88,11.66,12.113333333333333
-0.45,12.026666666666667,11.253333333333334,11.36,11.74,10.913333333333334,12.48,11.533333333333333,12.046666666666667,11.32,11.786666666666667,11.72,11.72,12.346666666666666,12.56,12.946666666666667,14.473333333333333
-0.5,13.02,11.92,12.493333333333334,12.993333333333334,13.406666666666666,12.7,12.633333333333333,13.206666666666667,13.193333333333333,13.386666666666667,13.62,13.853333333333333,14.093333333333334,14.186666666666667,15.04,15.44
-0.55,14.053333333333333,14.053333333333333,13.926666666666666,14.333333333333334,14.2,14.513333333333334,13.74,14.76,15.253333333333334,14.606666666666667,14.52,15.426666666666666,16.3,15.92,16.9,17.593333333333334
-0.6,16.0,15.653333333333334,15.073333333333334,15.5,15.553333333333333,16.673333333333332,16.38,16.18,16.466666666666665,15.98,16.446666666666665,17.333333333333332,17.186666666666667,17.946666666666665,18.333333333333332,20.35333333333333
-0.65,17.1,16.733333333333334,17.386666666666667,16.346666666666668,17.233333333333334,18.58,17.35333333333333,18.38,18.746666666666666,17.753333333333334,19.32,17.633333333333333,19.586666666666666,21.26,21.8,23.126666666666665
-0.7,18.9,19.013333333333332,19.76,19.96,20.30666666666667,19.773333333333333,19.013333333333332,20.08,19.813333333333333,20.04,20.786666666666665,21.746666666666666,22.533333333333335,22.06,25.266666666666666,26.546666666666667
-0.75,21.286666666666665,21.173333333333332,22.126666666666665,21.673333333333332,22.246666666666666,22.006666666666668,22.526666666666667,21.906666666666666,21.74,22.713333333333335,22.026666666666667,24.053333333333335,24.606666666666666,25.206666666666667,27.606666666666666,29.013333333333332
-0.8,23.573333333333334,23.346666666666668,24.28,23.24,22.486666666666668,24.26,24.19333333333333,24.166666666666668,24.793333333333333,26.18,24.36,27.673333333333332,28.166666666666668,27.633333333333333,31.406666666666666,35.39333333333333
-0.85,26.226666666666667,24.833333333333332,25.973333333333333,26.46,24.5,26.113333333333333,28.493333333333332,26.313333333333333,27.8,27.42,29.12,29.533333333333335,30.626666666666665,34.49333333333333,34.94,39.56
-0.9,28.24,30.006666666666668,28.266666666666666,27.8,28.706666666666667,28.5,28.35333333333333,29.78,30.213333333333335,31.053333333333335,32.36666666666667,31.666666666666668,33.513333333333335,34.77333333333333,42.233333333333334,46.32666666666667
-0.95,31.253333333333334,30.35333333333333,29.566666666666666,31.76,32.64,31.80666666666667,32.9,34.806666666666665,32.92,34.84,37.60666666666667,37.34,39.34,38.71333333333333,44.98,47.906666666666666
-1.0,35.17333333333333,35.86666666666667,33.28,35.126666666666665,35.7,35.92666666666667,36.46666666666667,37.88,38.27333333333333,38.946666666666665,41.0,43.82666666666667,41.36,42.473333333333336,54.27333333333333,57.99333333333333
