range,-3.0,-2.9,-2.8,-2.7,-2.6,-2.5,-2.4,-2.3,-2.2,-2.1,-2.0,-1.9,-1.8,-1.7,-1.6,-1.5
0.0,4.8,4.92,5.02,5.64,5.48,5.72,5.28,5.5,5.44,4.96,5.44,5.64,5.5,5.52,5.78,5.2
-0.05,5.92,5.76,6.54,6.22,6.58,6.36,6.5,7.28,6.44,6.44,6.46,6.24,6.68,6.92,7.24,7.28
-0.1,7.92,7.84,7.74,7.4,7.28,7.76,7.88,7.02,7.8,7.56,7.56,7.96,8.1,8.3,8.22,8.38
-0.15,8.26,8.52,9.28,8.5,8.52,8.4,8.4,8.62,8.6,9.4,10.14,7.94,9.06,9.9,9.84,10.5
-0.2,9.82,9.94,10.04,9.78,9.36,9.68,10.56,9.22,9.5,10.24,9.38,10.56,10.74,10.44,11.36,11.38
-0.25,10.88,10.96,11.14,11.2,11.48,11.94,11.24,11.16,11.54,11.98,12.0,11.68,12.08,12.76,12.9,13.12
-0.3,12.92,12.32,12.72,12.72,13.0,12.64,12.46,13.02,12.88,13.6,12.52,13.58,13.7,14.96,15.18,15.02
-0.35,13.88,14.04,13.64,14.2,14.62,14.26,14.26,13.8,14.62,15.04,15.2,15.8,15.7,17.02,16.64,19.12
-0.4,15.62,15.52,16.94,15.78,16.06,16.48,16.82,15.44,17.22,16.44,16.68,18.2,18.06,19.46,20.72,20.9
-0.45,16.92,18.12,17.6,17.46,18.16,17.94,18.04,18.58,19.56,18.36,19.88,20.02,19.78,21.96,23.42,23.42
-0.5,19.46,20.24,19.74,20.38,19.98,20.34,20.14,20.76,20.76,20.66,22.86,21.94,23.4,24.42,26.28,31.32
-0.55,22.16,23.06,22.78,21.82,22.72,22.84,22.94,23.96,23.54,24.66,23.8,27.08,29.04,27.2,31.32,34.72
-0.6,24.16,23.4,23.9,25.0,25.08,24.14,25.32,26.18,24.96,27.14,27.76,28.7,29.98,30.38,33.88,40.06
-0.65,27.32,28.22,28.86,27.52,27.84,27.56,28.9,29.64,27.72,30.24,30.44,30.66,35.34,38.0,42.64,47.92
-0.7,30.98,30.06,30.46,31.42,30.72,29.1,32.06,32.42,34.8,35.42,34.92,36.04,36.68,44.36,48.62,58.92
-0.75,35.32,34.08,34.62,33.58,34.28,34.52,34.9,37.2,38.18,38.32,39.36,41.34,42.28,46.36,64.14,70.02
-0.8,37.46,38.64,37.74,37.2,38.44,37.98,40.22,40.5,44.48,41.52,45.62,48.78,48.4,57.12,72.94,87.62
-0.85,40.58,44.58,40.2,43.4,43.06,42.4,44.76,45.98,46.16,49.24,49.16,55.74,67.54,71.12,78.42,125.88
-0.9,48.54,47.04,47.16,47.38,48.58,47.28,50.18,51.76,48.74,53.62,58.24,68.28,70.0,78.24,110.6,126.28
-0.95,51.88,50.68,51.08,54.4,53.16,53.94,57.48,58.9,58.94,61.44,62.08,70.32,77.34,97.48,121.48,210.0
-1.0,56.94,58.84,60.98,58.26,59.3,62.9,65.48,63.68,63.88,67.26,77.3,81.18,99.34,107.86,150.82,237.74
