range,-3.0,-2.9,-2.8,-2.7,-2.6,-2.5,-2.4,-2.3,-2.2,-2.1,-2.0,-1.9,-1.8,-1.7,-1.6,-1.5
0.0,1.72993288590604,2.9523042505592847,1.8247874720357944,1.9686800894854586,1.6254586129753914,1.8784787472035793,2.2214317673378075,1.6036241610738255,2.1879194630872485,2.4288143176733783,2.7874720357941833,2.364384787472036,3.0360626398210293,1.9697986577181203,2.3344966442953017,2.92993288590604
-0.05,2.670961968680089,2.598478747203579,2.272080536912752,2.6892170022371364,2.7706935123042506,2.5331543624161075,2.640536912751678,2.802505592841163,2.3842953020134234,2.492170022371364,2.073557046979866,2.529082774049217,2.6804921700223714,2.454988814317673,3.462013422818792,3.0436241610738257
-0.1,3.838747203579417,2.7706935123042506,3.177807606263983,3.832841163310963,2.1029082774049224,2.420626398210291,3.2723042505592845,3.607874720357942,2.7930201342281875,2.979865771812081,3.050738255033557,3.0156599552572714,3.054317673378076,3.378478747203579,4.961968680089486,4.706935123042505
-0.15,4.01771812080537,4.040089485458612,3.351230425055929,4.158210290827742,3.4451901565995526,3.8113646532438477,3.1965995525727062,3.8172706935123033,2.6945861297539144,4.375838926174497,4.006308724832215,3.7716331096196876,4.077136465324386,5.5581208053691284,4.1650559284116335,7.850067114093958
-0.2,3.9816107382550334,4.684384787472036,3.815838926174497,4.463042505592841,4.231812080536913,5.9514988814317675,4.372080536912751,5.169619686800894,5.387740492170023,5.0172706935123035,4.248053691275168,5.019955257270694,5.728187919463087,5.193914988814318,5.429485458612977,6.949261744966443
-0.25,5.065995525727071,5.73530201342282,5.28751677852349,4.6273378076062635,5.819418344519015,4.017718120805369,4.797539149888144,4.559284116331097,5.643176733780761,8.27042505592841,5.642237136465324,6.572885906040269,8.126398210290827,5.301834451901565,8.192572706935124,9.025324384787472
-0.3,5.423221476510068,5.562639821029082,4.126398210290827,8.398926174496644,6.87248322147651,8.512035794183447,5.582281879194633,6.787874720357943,7.344787472035795,7.891767337807607,7.72241610738255,10.597941834451902,8.789082774049218,8.911364653243847,8.146800894854584,14.146263982102907
-0.35,9.156868008948546,8.060357941834452,7.783624161073825,6.926577181208053,7.940760626398211,12.42255033557047,11.094451901565993,8.81771812080537,9.822639821029084,9.996644295302014,8.160223713646534,6.793914988814318,9.911812080536912,10.254183445190156,16.444250559284118,18.176107382550338
-0.4,12.179149888143177,12.397136465324385,8.122774049217002,12.649888143176732,10.560357941834452,9.125234899328856,9.733378076062637,13.453422818791946,11.5655033557047,14.15127516778523,13.186800894854585,14.96196868008949,13.524653243847876,13.206979865771814,18.091677852348994,28.369619686800892
-0.45,17.099955257270693,10.834720357941833,12.889664429530201,15.723892617449662,15.059552572706936,17.2848322147651,15.99552572706935,13.749485458612975,12.165369127516781,13.618612975391503,15.598926174496643,14.525100671140942,23.221297539149887,24.583624161073825,23.889753914988813,42.14357941834451
-0.5,16.44926174496644,12.691543624161074,15.929485458612973,15.724787472035795,17.67914988814318,14.721476510067115,14.797539149888141,17.34626398210291,19.163713646532447,17.567606263982107,22.98885906040268,24.300492170022373,31.575123042505588,21.414586129753918,32.13261744966444,32.63731543624161
-0.55,26.77565995525727,20.668277404921703,21.370425055928415,22.961968680089488,22.080536912751683,20.546800894854588,17.884966442953022,24.022550335570468,45.237404921700225,25.19324384787472,27.17744966442953,28.11203579418345,41.379194630872476,37.349261744966434,40.708053691275175,43.96102908277405
-0.6,21.503355704697988,22.617270693512307,20.135525727069354,25.13758389261745,24.15485458612976,37.8992841163311,27.619731543624162,28.06805369127517,28.774049217002236,28.247919463087246,32.785727069351225,38.37136465324385,41.77700223713647,43.03069351230424,48.72035794183445,69.43807606263982
-0.65,27.848993288590606,29.203579418344518,40.82935123042506,20.60384787472036,29.643176733780766,46.111006711409395,29.41123042505593,52.58617449664429,45.06290827740492,36.213914988814324,55.81637583892619,35.321029082774054,46.72733780760627,75.2675167785235,84.18791946308725,93.10465324384786
-0.7,30.42617449664429,39.27498881431767,40.66684563758389,52.85744966442953,59.46237136465323,41.1965995525727,35.771633109619685,48.852617449664436,43.54881431767338,60.656107382550324,57.71257270693513,68.52599552572707,57.659955257270695,62.110469798657725,123.78076062639823,117.75284116331096
-0.75,65.87029082774049,52.5469351230425,66.80935123042504,69.51002237136466,59.583042505592836,61.09391498881432,64.17042505592842,46.018076062639814,59.50912751677853,72.27297539149887,69.89190156599554,76.61458612975392,76.8979418344519,81.077807606264,146.60263982102907,237.48975391498877
-0.8,78.00465324384787,50.993109619686805,86.12241610738256,80.22389261744965,59.72800894854585,64.36818791946308,76.25096196868009,79.7102908277405,56.99727069351231,78.00093959731544,81.3863087248322,160.98653243847875,134.69015659955255,103.32102908277405,178.44425055928414,375.5422371364653
-0.85,66.33753914988813,61.508948545861315,75.07310961968679,71.56550335570469,64.53355704697987,87.89982102908277,108.45297539149887,91.73337807606262,95.22147651006712,103.80228187919464,182.38818791946306,119.60626398210293,151.85968680089485,285.0704250559284,274.3118120805369,324.66416107382554
-0.9,112.58630872483222,112.89257270693511,113.23042505592838,98.9530201342282,122.15498881431765,109.09731543624162,89.98841163310962,115.23315436241609,142.11525727069352,155.0172706935123,131.42841163310965,140.65324384787468,189.8085458612975,221.96170022371365,397.4149888143177,687.5637136465325
-0.95,124.2172706935123,99.4112304250559,82.67673378076063,138.43865771812082,138.62120805369125,142.19727069351228,159.1510067114094,148.55968680089487,143.04053691275166,167.50442953020138,243.54223713646533,223.09838926174498,297.7426845637585,299.33337807606273,609.3083221476511,518.0180760626398
-1.0,155.71472035794184,172.38478747203584,152.29691275167787,194.76908277404917,153.21812080536913,204.04156599552567,168.02237136465325,190.20026845637585,357.09928411633103,243.4065324384788,252.65771812080536,404.85565995525735,363.2118120805369,346.8952572706935,847.4482774049217,1134.382505592841
