range,-3.0,-2.9,-2.8,-2.7,-2.6,-2.5,-2.4,-2.3,-2.2,-2.1,-2.0,-1.9,-1.8,-1.7,-1.6,-1.5
0.0,199.09473684210525,90.02894736842104,64.68157894736842,48.87105263157895,67.58947368421053,57.90526315789473,33.67368421052632,60.66052631578948,24.61842105263158,39.81842105263158,30.660526315789472,11.923684210526316,20.273684210526316,14.871052631578948,9.607894736842105,17.831578947368424
-0.05,150.56842105263158,60.68157894736842,77.37894736842105,105.77631578947368,97.08157894736841,60.09473684210527,36.19736842105263,37.2921052631579,48.800000000000004,31.463157894736845,25.11578947368421,28.957894736842103,49.2921052631579,24.431578947368422,27.986842105263158,14.765789473684212
-0.1,133.56578947368422,139.18684210526314,177.60789473684207,112.45,136.47368421052633,124.1342105263158,25.56578947368421,72.02894736842104,17.523684210526316,44.01052631578948,24.092105263157894,33.62105263157895,15.936842105263155,16.726315789473684,42.97631578947368,23.473684210526315
-0.15,165.85263157894738,303.0105263157895,211.92368421052632,48.13421052631579,70.62105263157896,79.43157894736842,54.93421052631579,118.97631578947369,77.2078947368421,41.713157894736845,42.62105263157895,83.10263157894738,23.515789473684208,46.19736842105263,24.568421052631578,45.839473684210525
-0.2,286.8421052631579,214.78684210526316,148.2605263157895,319.6078947368422,152.23947368421054,84.78684210526316,115.29210526315788,58.23947368421052,139.7342105263158,66.32631578947367,64.30263157894737,31.210526315789473,30.747368421052634,32.83157894736843,130.1342105263158,56.34473684210526
-0.25,520.0526315789474,186.4842105263158,287.41052631578947,182.0921052631579,99.31315789473685,73.14736842105263,91.50263157894737,60.72631578947368,89.08157894736843,69.88421052631578,53.102631578947374,77.2921052631579,50.21052631578947,46.62105263157894,33.357894736842105,44.87105263157895
-0.3,559.2078947368421,380.6605263157894,139.8315789473684,102.93684210526317,126.47105263157896,321.4842105263158,69.2921052631579,108.14736842105265,134.72368421052633,76.14736842105263,42.568421052631585,76.51578947368422,138.15526315789478,71.92368421052632,59.313157894736854,50.57631578947369
-0.35,474.10526315789474,260.85263157894735,267.8421052631579,321.2736842105263,170.43157894736842,284.8710526315789,100.97631578947369,72.51315789473684,162.47105263157894,189.18684210526314,128.7657894736842,86.11578947368422,80.14736842105263,165.22105263157897,50.47105263157894,227.8842105263158
-0.4,369.94736842105266,314.2394736842105,411.10263157894747,195.7263157894737,226.57631578947368,279.67368421052635,143.46052631578948,91.08157894736841,127.93684210526317,117.58947368421055,195.6315789473684,227.2078947368421,90.40789473684211,183.50263157894736,123.92368421052633,81.72631578947369
-0.45,553.0947368421052,339.4842105263158,505.95789473684215,442.0631578947369,401.10526315789474,277.2526315789474,187.2921052631579,209.94473684210524,200.53684210526316,98.83157894736841,126.3657894736842,94.87105263157896,76.3657894736842,138.85263157894738,129.7263157894737,96.98947368421054
-0.5,534.028947368421,758.871052631579,287.53684210526313,261.8421052631579,299.0421052631579,134.05,338.4105263157895,227.81842105263158,94.83157894736841,99.0421052631579,230.30526315789476,219.62894736842105,78.16842105263157,259.4184210526316,208.0105263157895,970.5368421052632
-0.55,354.9894736842105,267.42105263157896,787.7763157894736,431.6289473684211,323.10263157894735,229.10263157894732,307.93684210526317,162.46315789473684,220.5157894736842,337.14473684210526,161.56842105263158,164.69473684210527,861.3552631578947,191.83947368421053,908.1473684210528,521.0105263157895
-0.6,471.3973684210526,759.4631578947369,355.9236842105263,647.607894736842,471.7131578947368,576.1684210526316,557.9052631578946,171.4105263157895,266.5157894736842,165.8421052631579,300.34473684210525,325.0,393.0421052631579,132.30526315789473,258.47105263157897,979.8184210526315
-0.65,489.8,733.8815789473684,961.6736842105265,436.05,711.3973684210526,645.9578947368423,187.67105263157896,169.46315789473684,649.7763157894736,190.42105263157896,416.4078947368421,246.89210526315793,573.3973684210526,1048.1157894736841,325.35526315789474,487.41842105263163
-0.7,892.7868421052632,763.1868421052632,577.4315789473684,298.2105263157895,546.1684210526316,500.99736842105267,580.892105263158,614.1157894736842,245.2526315789474,1200.2605263157893,289.62105263157895,234.78684210526316,251.2736842105264,779.3052631578947,1691.842105263158,477.9236842105263
-0.75,855.2921052631577,1400.7236842105262,903.6078947368422,1536.1157894736843,404.8421052631579,432.94736842105266,428.15526315789475,369.8,433.5263157894737,510.67368421052635,382.22105263157897,501.14473684210526,1941.8,1179.8184210526317,1175.0815789473684,2070.0421052631577
-0.8,1167.207894736842,1622.2605263157895,1394.155263157895,1417.671052631579,633.4315789473685,1294.871052631579,844.4315789473684,671.7342105263158,512.957894736842,693.3973684210526,653.9236842105264,616.828947368421,890.7657894736842,318.76578947368415,1006.9894736842105,2806.871052631579
-0.85,3095.431578947368,928.828947368421,1196.6947368421052,1242.8947368421052,755.9894736842105,843.4605263157895,881.9447368421053,667.3578947368422,3292.726315789474,451.8394736842105,1036.3657894736841,2000.7236842105262,1033.1868421052634,2345.9236842105265,1258.9973684210527,2579.5026315789473
-0.9,4035.5157894736853,1125.5157894736842,721.0815789473685,1319.713157894737,1206.7473684210527,1073.3973684210528,1044.765789473684,976.9578947368421,1214.5157894736844,866.7868421052632,665.4842105263157,2784.471052631579,1237.6078947368421,2945.5236842105264,2281.842105263158,Inf
-0.95,5100.6736842105265,2157.6078947368424,2345.2526315789473,2460.3447368421052,1154.828947368421,3269.25,842.3578947368421,673.9052631578948,1604.6605263157894,2992.471052631579,1342.1157894736843,2898.778947368421,4773.734210526316,2843.2000000000003,Inf,Inf
-1.0,3451.3263157894735,1312.7263157894738,2633.607894736842,2143.0631578947373,3786.5131578947367,1348.2605263157893,1105.8394736842106,2304.221052631579,753.3552631578947,1671.4184210526316,3398.681578947369,1117.4315789473685,4024.726315789474,3290.305263157895,Inf,Inf