range,-3.0,-2.9,-2.8,-2.7,-2.6,-2.5,-2.4,-2.3,-2.2,-2.1,-2.0,-1.9,-1.8,-1.7,-1.6,-1.5
0.0,138.4,127.35,118.55,101.15,96.7,90.7,78.9,73.65,67.25,63.35,55.85,52.35,50.2,45.65,40.15,40.6
-0.05,149.4,136.95,122.3,113.75,104.35,90.9,83.75,76.35,73.2,66.9,61.2,56.7,53.65,48.7,45.25,43.35
-0.1,157.25,146.15,134.15,120.35,112.5,102.85,90.75,86.85,75.05,69.7,64.75,59.4,56.6,52.9,51.65,49.0
-0.15,174.8,154.8,139.65,125.15,116.9,107.2,94.75,93.15,82.95,74.85,68.1,63.95,60.4,55.75,51.6,51.95
-0.2,175.0,165.05,143.55,139.65,126.85,109.05,103.85,92.85,91.45,78.7,72.25,66.5,65.3,59.9,55.65,57.35
-0.25,194.5,168.8,158.4,147.25,131.55,120.1,109.15,100.9,92.15,82.9,79.55,71.65,71.0,66.9,60.9,60.35
-0.3,206.45,183.15,160.4,153.1,140.05,128.3,115.15,107.6,100.25,87.6,83.4,76.9,78.45,72.65,66.55,65.55
-0.35,208.0,194.7,175.5,164.3,151.3,136.85,123.85,111.75,109.45,101.65,91.65,84.3,80.6,78.2,67.95,62.9
-0.4,217.5,207.15,195.55,174.4,159.45,145.9,131.75,118.15,117.6,105.3,102.5,93.05,87.25,86.85,80.35,76.6
-0.45,239.4,209.3,209.2,183.2,169.5,155.9,144.65,129.45,125.3,109.9,104.05,93.15,89.95,91.7,84.4,80.6
-0.5,244.35,237.65,211.2,191.5,185.9,156.55,151.1,135.85,124.9,115.9,114.9,104.05,96.2,93.95,83.7,84.3
-0.55,264.4,240.5,221.25,211.95,194.05,169.05,163.4,143.4,141.1,131.25,119.1,108.2,104.75,102.45,85.6,93.8
-0.6,270.15,271.1,238.35,220.35,211.65,182.8,170.3,154.4,147.9,133.5,129.15,111.5,119.1,113.1,104.95,94.35
-0.65,294.7,272.75,259.1,225.45,209.85,199.2,170.25,167.1,168.75,148.0,138.25,123.95,130.85,119.3,102.25,122.95
-0.7,324.05,291.65,260.2,243.0,231.8,199.45,194.95,168.3,174.9,168.05,142.6,134.95,137.3,124.6,90.5,113.35
-0.75,336.15,311.25,284.85,260.3,249.0,209.0,201.05,201.3,187.5,167.6,155.3,137.25,122.7,123.85,105.35,95.4
-0.8,352.45,331.45,308.45,283.75,258.8,238.85,214.3,214.55,200.7,179.15,179.65,150.75,154.65,159.15,110.6,87.35
-0.85,394.8,355.75,312.2,297.5,279.1,252.75,248.95,212.9,207.9,190.05,169.45,126.75,170.35,118.35,98.95,108.65
-0.9,412.6,364.4,332.35,307.15,300.7,266.65,254.15,221.7,232.9,193.05,188.3,137.55,165.15,129.55,78.5,Inf
-0.95,448.6,380.15,341.1,348.15,313.25,282.25,241.6,235.7,242.85,201.05,194.3,141.6,162.55,128.4,Inf,Inf
-1.0,446.2,407.1,398.35,348.3,358.75,304.95,280.05,294.7,263.75,211.95,186.55,158.8,152.9,116.9,Inf,Inf
