range,-3.0,-2.9,-2.8,-2.7,-2.6,-2.5,-2.4,-2.3,-2.2,-2.1,-2.0,-1.9,-1.8,-1.7,-1.6,-1.5
0.0,63.513333333333335,61.626666666666665,54.88,54.16,49.75333333333333,43.78,42.13333333333333,37.24666666666667,36.64,33.14666666666667,29.186666666666667,27.413333333333334,25.593333333333334,22.773333333333333,21.673333333333332,20.506666666666668
-0.05,67.83333333333333,63.153333333333336,57.64666666666667,56.6,50.7,46.70666666666666,43.03333333333333,38.39333333333333,36.82,33.52,30.38,27.813333333333333,26.246666666666666,24.606666666666666,22.053333333333335,20.9
-0.1,71.54666666666667,63.04,61.32666666666667,56.17333333333333,52.22,50.153333333333336,44.666666666666664,42.06,39.12,35.96666666666667,32.63333333333333,29.54,27.58,26.26,23.333333333333332,22.413333333333334
-0.15,65.78,70.64,59.42,59.18666666666667,55.14666666666667,50.49333333333333,46.64,41.29333333333334,41.56666666666667,36.96666666666667,35.013333333333335,31.753333333333334,29.513333333333332,27.35333333333333,24.366666666666667,22.72
-0.2,71.47333333333333,69.74666666666667,64.28666666666666,61.96,57.873333333333335,53.60666666666667,48.766666666666666,45.08,43.70666666666666,37.50666666666667,34.88666666666666,31.746666666666666,29.866666666666667,28.786666666666665,25.773333333333333,24.06
-0.25,76.84666666666666,72.48,64.09333333333333,65.84666666666666,58.406666666666666,50.43333333333333,52.42666666666667,45.81333333333333,46.42,39.64,36.8,33.14,33.86,30.786666666666665,26.093333333333334,25.32
-0.3,79.62666666666667,72.16,69.81333333333333,63.873333333333335,60.82,55.86,51.88,50.03333333333333,45.45333333333333,39.74666666666667,37.18666666666667,33.12,33.093333333333334,31.16,28.54,25.946666666666665
-0.35,77.56666666666666,69.27333333333333,68.79333333333334,65.12,66.6,58.77333333333333,51.38,46.72666666666667,47.94,43.873333333333335,39.086666666666666,34.846666666666664,33.96666666666667,31.713333333333335,29.346666666666668,27.293333333333333
-0.4,76.00666666666666,76.91333333333333,69.99333333333334,66.65333333333334,66.32666666666667,60.81333333333333,56.3,50.126666666666665,46.513333333333335,42.526666666666664,40.78666666666667,35.95333333333333,36.86,32.66,29.113333333333333,27.086666666666666
-0.45,83.88666666666667,73.14,74.22,67.96,71.12666666666667,59.35333333333333,57.14,52.82,49.35333333333333,45.22666666666667,40.99333333333333,38.166666666666664,37.166666666666664,34.48,31.293333333333333,29.72
-0.5,79.84666666666666,70.28666666666666,70.87333333333333,73.02666666666667,71.18666666666667,58.906666666666666,58.61333333333334,56.373333333333335,51.50666666666667,47.906666666666666,44.1,39.10666666666667,38.29333333333334,32.88666666666666,29.106666666666666,30.06
-0.55,71.34666666666666,83.25333333333333,74.5,72.92666666666666,70.93333333333334,60.64666666666667,58.346666666666664,57.76,57.32,48.60666666666667,45.96,41.38666666666666,39.913333333333334,35.946666666666665,31.413333333333334,30.633333333333333
-0.6,83.88666666666667,79.25333333333333,74.27333333333333,68.84,73.50666666666666,66.16666666666667,59.973333333333336,58.61333333333334,55.70666666666666,49.99333333333333,44.5,38.86666666666667,40.833333333333336,36.18,32.50666666666667,30.58
-0.65,75.24666666666667,86.18,73.6,80.58,73.84,62.653333333333336,59.93333333333333,56.48,56.77333333333333,50.82666666666667,44.45333333333333,40.75333333333333,41.20666666666666,37.94,33.26,30.946666666666665
-0.7,74.84666666666666,83.88,74.8,73.09333333333333,74.92,66.74666666666667,62.54,57.126666666666665,58.35333333333333,50.25333333333333,44.31333333333333,39.693333333333335,43.14,35.88666666666666,34.54,30.906666666666666
-0.75,71.32666666666667,73.86666666666666,69.26666666666667,66.49333333333334,71.17333333333333,65.27333333333333,66.96666666666667,60.4,60.973333333333336,48.166666666666664,46.873333333333335,41.68,45.89333333333333,36.82,33.18666666666667,34.5
-0.8,76.02666666666667,69.06666666666666,69.52,68.36,75.86,71.74666666666667,60.46,64.58666666666667,63.153333333333336,55.11333333333334,47.2,41.43333333333333,43.833333333333336,40.46666666666667,32.16,32.53333333333333
-0.85,52.32666666666667,74.39333333333333,68.44,68.54,73.38,65.28666666666666,59.06,59.88,59.64666666666667,46.38,45.74666666666667,41.626666666666665,45.84,38.10666666666667,33.89333333333333,30.906666666666666
-0.9,62.18,76.54,70.91333333333333,64.88,78.77333333333333,63.39333333333333,62.98,58.96,60.64,44.64666666666667,47.126666666666665,39.04666666666667,46.72,40.693333333333335,31.466666666666665,31.4
-0.95,64.17333333333333,67.66,73.95333333333333,65.15333333333334,68.02666666666667,62.72666666666667,65.92,59.486666666666665,60.873333333333335,51.70666666666666,46.1,42.46666666666667,42.086666666666666,40.873333333333335,32.04666666666667,34.08
-1.0,44.06,75.92,58.9,68.16,74.92666666666666,61.44,65.36666666666666,59.89333333333333,65.47333333333333,47.946666666666665,47.49333333333333,37.96,44.22,38.446666666666665,30.206666666666667,31.606666666666666
