range,-3.0,-2.9,-2.8,-2.7,-2.6,-2.5,-2.4,-2.3,-2.2,-2.1,-2.0,-1.9,-1.8,-1.7,-1.6,-1.5
0.0,671.2716331096196,447.6314988814317,283.07275167785235,211.06147651006714,200.45552572706936,149.34053691275167,90.82774049217001,69.00586129753916,79.44,61.24008948545862,36.04545861297539,43.34478747203579,34.79324384787472,24.82076062639821,27.241565995525725,18.144250559284117
-0.05,713.5357941834452,411.4058612975391,303.39780760626394,280.41610738255036,223.2718120805369,146.8798210290828,127.71029082774051,85.2737807606264,68.22912751677852,71.84859060402685,40.868053691275165,34.582371364653234,38.05284116331096,24.21337807606264,22.30586129753915,27.92953020134228
-0.1,824.0481431767338,552.1594630872482,419.5905592841163,329.43284116331097,236.42778523489932,241.9293512304251,164.02237136465322,109.05006711409396,71.27409395973154,85.7102908277405,60.67673378076063,47.14939597315435,37.708322147651,31.791006711409395,34.411633109619686,30.270961968680087
-0.15,791.3136912751678,815.3460402684564,444.52711409395977,298.139418344519,230.07230425055926,264.23821029082774,183.19838926174495,127.44357941834453,74.48881431767337,101.57606263982102,64.65753914988814,65.87834451901567,62.80183445190154,39.08908277404921,29.938478747203572,38.92778523489932
-0.2,799.8348545861298,534.6333780760626,676.4206263982103,451.42120805369126,404.63485458612973,269.5153914988814,215.72371364653242,134.5573154362416,136.18183445190155,103.54022371364651,72.70519015659954,58.874988814317696,60.80089485458613,51.095123042505605,39.156331096196865,23.78832214765101
-0.25,1242.4125727069352,1000.828456375839,702.43418344519,655.8890827740491,372.1355257270693,343.8445190156599,230.8502908277405,176.46156599552572,135.31906040268456,138.12456375838926,104.18791946308725,67.30241610738254,82.22859060402685,63.16223713646534,49.830156599552566,38.8096644295302
-0.3,1163.6180760626396,840.2024161073826,748.9447874720357,562.4872035794183,507.7593288590605,326.20174496644296,254.14657718120802,190.31431767337807,177.28304250559285,121.29109619686798,97.92465324384786,83.64993288590605,89.60196868008948,76.12187919463086,50.65275167785236,55.68841163310961
-0.35,1277.817673378076,998.3476062639821,982.5274720357943,580.4553020134229,524.6577181208054,502.7670693512304,327.4318120805368,272.4281431767338,219.94939597315437,187.38653243847872,125.90519015659953,89.59378076062642,86.42170022371363,93.99109619686801,81.39579418344519,61.56438478747205
-0.4,1932.0066666666667,1511.7575391498883,947.9932438478749,798.912572706935,528.8254586129754,556.125995525727,391.2315436241611,281.6281431767337,260.05015659955257,154.10331096196865,168.20921700223712,117.91055928411635,143.86617449664428,81.50107382550337,94.08774049217001,68.42868008948545
-0.45,2102.50384787472,1494.913154362416,1334.2667114093958,983.3675167785235,617.0509619686801,640.7937807606264,524.8728859060402,331.9875167785235,241.7736465324385,253.82747203579424,183.37579418344515,150.03243847874722,135.3612975391499,105.63382550335571,112.28921700223712,84.91436241610738
-0.5,2281.835391498881,1890.9441163310958,1642.1247874720357,1129.9724384787473,907.8843847874723,598.4207606263981,615.9300223713648,387.32277404921695,296.56035794183447,277.15901565995523,192.8288590604027,169.70666666666665,117.84626398210294,161.37633109619685,119.03552572706931,110.59369127516779
-0.55,2552.120626398211,2171.223982102908,1543.0167785234898,1437.9073378076064,1057.7807606263982,719.625995525727,749.8119015659956,481.5393288590604,418.50093959731544,258.5086800894855,181.0990604026846,229.6884116331096,153.3951230425056,179.3125727069351,124.7004921700224,141.42841163310962
-0.6,3357.6179418344523,2534.4723042505584,1687.6898881431766,1395.2359731543625,1260.4798210290826,932.6633109619687,498.4825055928411,650.1984787472036,483.8731096196867,345.3221029082774,284.21140939597313,301.79418344519013,192.1263982102908,176.0412080536913,142.76170022371363,148.09758389261748
-0.65,2759.985727069351,2728.8599999999997,2063.9597315436235,2175.56067114094,1310.3232214765098,1122.724653243848,709.8076062639822,665.0432214765101,500.0959284116331,461.7952572706934,311.7125727069352,275.4353914988814,272.94357941834454,236.35208053691275,180.46214765100675,186.35955257270692
-0.7,4421.9427740492165,2564.294228187919,2653.5973154362414,1957.4274720357944,1735.0136912751677,1416.3112304250558,1084.3708724832215,633.5073378076062,474.8743176733781,634.767606263982,470.0152572706933,338.1335123042506,293.5037583892618,247.00049217002243,238.6930201342282,225.4408948545861
-0.75,3790.583847874721,3942.0089485458616,2815.6331096196873,2246.305324384787,1665.7549888143174,1568.6294854586129,954.9183445190155,964.295302013423,779.6502908277405,655.9653243847873,383.802639821029,360.25932885906036,371.93485458612975,308.0009395973154,255.4280089485458,212.58724832214764
-0.8,4386.012706935124,3688.1431767337804,3521.5935570469796,2746.2587919463085,2041.033959731544,1607.8414317673376,1315.5923489932886,1047.5729753914986,852.211230425056,757.3763310961969,455.6510067114094,432.6230425055929,432.75727069351234,408.4787472035795,355.3165100671141,280.21029082774044
-0.85,3575.9798210290824,3855.7704250559286,3641.0265771812087,2631.4446979865775,2391.8747651006715,1716.8770022371364,1383.305100671141,1171.5828187919467,1051.867606263982,875.2975838926175,602.7273378076063,539.7254586129753,392.30979865771815,417.6932438478747,334.5657270693513,272.03149888143173
-0.9,5569.101610738255,4095.927919463087,4233.48908277405,2928.857986577181,2646.310693512304,1757.824116331096,1634.2479194630873,1289.0990604026845,1197.7487248322147,746.0018344519015,812.7422371364653,509.1051901565996,449.27677852348995,494.28116331096203,329.21700223713646,448.9530201342282
-0.95,5482.05029082774,5063.326577181208,3751.5615659955256,3888.600492170023,2531.5965995525735,2480.2939149888143,2017.3492617449658,1552.8823713646532,1153.2120357941833,1065.6717673378075,675.5000000000001,722.6800894854587,566.3884116331096,464.1247874720356,405.66894854586127,458.87946308724827
-1.0,4665.58697986577,6050.597583892617,3776.882550335571,4129.531275167786,3725.6120357941836,2143.362147651006,1978.2740492170021,1706.2301565995529,1577.9288143176732,1012.641431767338,871.124116331096,652.2399999999999,720.0519463087247,544.1011633109622,404.6214317673378,496.0254586129753
