range,-3.0,-2.9,-2.8,-2.7,-2.6,-2.5,-2.4,-2.3,-2.2,-2.1,-2.0,-1.9,-1.8,-1.7,-1.6,-1.5
0.0,113.32,99.46,92.76,82.0,76.6,69.34,62.48,56.44,52.78,47.7,43.22,40.08,37.94,36.08,31.78,30.4
-0.05,117.82,110.34,98.38,85.32,86.36,75.54,67.98,62.24,58.7,52.24,46.88,44.08,39.66,37.86,34.18,33.04
-0.1,120.46,114.7,104.84,92.88,87.26,78.3,70.58,64.14,60.26,54.26,50.04,45.12,43.22,39.58,36.28,34.24
-0.15,135.4,121.38,107.86,101.76,92.26,87.66,73.5,68.72,68.28,58.42,52.76,47.9,45.42,42.26,39.68,37.92
-0.2,139.36,124.84,115.66,100.6,98.9,89.82,75.7,73.98,68.2,60.36,54.82,48.8,50.9,45.36,41.66,40.12
-0.25,139.4,129.98,121.08,110.88,106.84,94.74,81.1,76.28,69.32,65.62,60.24,54.0,52.86,48.36,43.78,42.94
-0.3,148.48,144.72,128.42,115.8,105.6,99.22,88.8,82.58,77.76,67.88,63.94,55.8,56.38,51.74,44.68,46.76
-0.35,161.06,149.76,137.42,121.62,115.82,100.82,93.58,85.52,81.48,73.52,65.06,58.9,57.54,54.48,51.78,47.76
-0.4,162.84,154.08,144.56,128.76,118.64,105.0,96.64,91.62,85.64,76.36,72.84,62.66,63.68,59.06,51.94,51.86
-0.45,181.5,162.4,143.74,135.12,123.94,117.56,102.28,96.56,94.48,82.08,74.12,65.48,65.18,60.8,53.48,51.08
-0.5,191.5,172.46,154.68,145.22,134.74,118.98,109.96,103.28,92.8,86.04,78.38,70.82,70.44,67.3,57.6,54.92
-0.55,192.36,181.12,162.74,152.36,139.5,129.56,119.88,103.62,104.66,90.7,82.78,75.76,73.08,65.68,58.12,60.32
-0.6,202.52,194.98,173.14,164.8,149.4,135.48,122.04,115.3,110.64,93.12,91.34,79.9,78.68,72.56,63.06,61.4
-0.65,225.46,204.76,190.8,169.02,162.46,144.64,127.4,119.32,116.0,100.46,95.1,79.62,86.02,76.52,60.5,63.46
-0.7,226.9,222.58,196.74,176.34,167.12,142.82,136.14,119.4,116.74,105.38,94.54,82.26,85.7,79.94,68.26,65.84
-0.75,225.78,223.36,200.76,191.96,175.74,154.26,144.86,133.58,129.42,108.06,103.62,85.7,93.1,85.72,67.14,68.06
-0.8,253.5,233.96,202.84,203.74,188.76,171.36,147.82,136.5,141.46,113.96,100.34,84.38,96.12,84.84,65.48,76.04
-0.85,272.78,257.4,226.8,199.28,200.92,167.4,164.18,149.44,141.7,117.46,114.6,93.0,95.0,86.32,66.08,70.08
-0.9,266.34,270.24,239.62,211.98,199.9,172.96,160.72,142.9,152.9,131.26,105.3,88.86,99.06,93.6,62.6,70.42
-0.95,298.64,266.26,249.72,224.78,225.02,184.48,171.68,150.92,153.64,120.44,115.7,92.1,98.04,92.3,64.94,61.84
-1.0,295.46,282.6,263.38,235.48,233.78,192.62,180.6,167.78,167.74,143.32,116.22,94.16,108.5,86.64,71.24,63.12
