range,-3.0,-2.9,-2.8,-2.7,-2.6,-2.5,-2.4,-2.3,-2.2,-2.1,-2.0,-1.9,-1.8,-1.7,-1.6,-1.5
0.0,166.50775510204082,125.76367346938775,118.96163265306122,114.0,89.87755102040816,74.80040816326532,51.19346938775511,38.006530612244894,56.46081632653061,43.39795918367347,27.644489795918364,21.177142857142858,24.669795918367345,28.646530612244895,19.073061224489795,16.367346938775512
-0.05,203.25265306122452,209.98408163265304,195.58734693877548,120.4261224489796,151.01061224489797,137.15142857142857,124.26489795918367,74.10448979591837,52.173469387755105,51.410612244897955,37.29142857142857,26.48326530612245,25.575918367346933,33.510612244897956,19.13020408163265,27.38612244897959
-0.1,164.3759183673469,201.39795918367346,182.38204081632657,129.0057142857143,110.56367346938775,96.86734693877551,102.37102040816328,69.34734693877552,63.86979591836735,46.11469387755102,41.631020408163266,41.53632653061225,36.25673469387755,24.24857142857143,44.00163265306123,27.2065306122449
-0.15,250.40816326530611,228.5261224489796,306.73510204081634,131.04326530612244,169.33918367346936,187.0861224489796,78.37755102040816,66.89959183673469,116.53224489795919,76.65673469387755,53.69632653061224,48.45918367346939,39.39142857142858,18.52285714285714,30.956734693877554,39.911836734693885
-0.2,354.3575510204081,378.5044897959184,348.51469387755105,183.46938775510205,191.4795918367347,115.45673469387755,59.56122448979592,124.50979591836733,73.3061224489796,60.561632653061224,68.80367346938776,48.53061224489796,77.5204081632653,38.071836734693875,34.637142857142855,38.18938775510205
-0.25,368.6938775510204,292.4689795918367,290.80979591836734,241.78122448979593,181.68816326530614,157.29836734693876,117.31632653061224,106.08326530612244,77.8138775510204,87.70979591836735,52.267755102040816,60.53061224489796,72.61265306122449,51.826938775510214,70.62408163265306,49.11877551020409
-0.3,515.3567346938776,396.24653061224495,376.5342857142857,226.0408163265306,183.79591836734693,236.7057142857143,159.6326530612245,154.98326530612246,151.9004081632653,62.47510204081633,81.11877551020407,63.06122448979592,75.34244897959184,47.13510204081632,51.81387755102041,61.65551020408163
-0.35,655.4044897959184,290.0636734693877,592.5342857142858,282.7302040816326,347.70163265306127,143.00775510204085,170.1261224489796,129.92816326530613,106.74448979591838,140.4587755102041,109.81265306122448,82.21428571428571,80.33510204081632,53.88734693877551,62.0934693877551,65.00244897959183
-0.4,606.749387755102,435.054693877551,407.8840816326531,406.2677551020409,223.94938775510204,196.57142857142858,269.4595918367347,202.3220408163265,130.23510204081632,148.76571428571427,152.13714285714286,125.86163265306124,90.67102040816327,96.66979591836734,121.40448979591837,60.041224489795916
-0.45,888.9897959183673,594.204081632653,437.29836734693873,295.4138775510204,479.3636734693878,301.2310204081632,265.10367346938773,164.78204081632651,197.43836734693878,187.54448979591837,94.18938775510206,131.47918367346938,135.49755102040817,64.53061224489795,124.70367346938775,174.19755102040816
-0.5,691.5204081632653,668.7432653061225,930.4261224489796,523.4404081632653,426.44122448979596,285.6934693877551,241.3861224489796,229.5934693877551,213.87755102040816,229.10040816326534,159.5873469387755,143.37510204081633,137.68,147.72448979591837,148.24489795918367,249.46285714285716
-0.55,874.4800000000001,1004.5159183673469,636.7269387755102,640.1534693877551,630.9897959183673,484.7004081632653,382.67918367346937,427.54653061224485,308.2697959183674,216.09183673469389,166.54244897959182,186.51265306122446,211.2587755102041,355.44653061224494,272.27102040816334,210.18122448979594
-0.6,1107.846530612245,1064.632244897959,691.5514285714287,757.5510204081633,649.1020408163265,482.6628571428572,481.8351020408163,365.88775510204084,253.0922448979592,211.0465306122449,167.7391836734694,138.90816326530614,182.54857142857145,280.16979591836736,257.3636734693878,336.81632653061223
-0.65,1580.0902040816327,1436.4718367346939,848.4081632653061,829.4077551020407,648.0085714285715,425.4595918367347,305.34693877551024,365.3648979591837,397.14285714285717,235.2330612244898,234.70408163265307,406.11795918367346,171.3261224489796,170.49959183673468,419.6020408163265,274.9473469387755
-0.7,2126.173469387755,1267.2689795918368,1242.4820408163266,805.6983673469388,839.0057142857142,608.8444897959184,665.5514285714287,374.53061224489795,398.7677551020408,403.7097959183673,245.51877551020408,275.05346938775506,410.33673469387753,406.83306122448977,431.2167346938775,427.97387755102045
-0.75,1323.7261224489794,1340.2351020408164,1567.4514285714286,1013.2636734693878,1110.4820408163268,812.1146938775512,785.5514285714287,635.4322448979592,410.08530612244897,672.5065306122449,517.8730612244898,226.5408163265306,713.3163265306123,415.43020408163267,436.4902040816327,571.5677551020408
-0.8,2506.0510204081634,1712.937142857143,1477.5657142857144,1328.0738775510206,999.941224489796,805.214693877551,510.59959183673465,516.1734693877551,691.6004081632652,628.7330612244898,983.2902040816326,601.4648979591836,307.69959183673467,800.1371428571429,746.581224489796,606.3248979591837
-0.85,2623.440408163265,2155.673469387755,1646.938775510204,1393.2261224489796,1590.5240816326532,809.9183673469388,824.6404081632654,776.0065306122449,665.8877551020408,855.8861224489796,464.7755102040816,575.1020408163265,866.3265306122449,753.8955102040817,622.7281632653061,768.32
-0.9,2490.106530612245,2594.4310204081635,2105.383265306122,2508.9179591836732,1272.7857142857142,904.6106122448979,1208.2057142857145,1518.2142857142858,838.7857142857143,988.114693877551,939.6836734693877,954.8983673469388,839.9759183673469,1150.1632653061224,724.5714285714286,949.2281632653063
-0.95,4525.133061224489,2193.992244897959,1788.124081632653,3131.4404081632656,1582.877142857143,1264.662857142857,1101.2832653061225,908.4016326530613,966.6840816326531,1532.2922448979593,839.8877551020408,999.6836734693877,1262.4473469387756,976.704081632653,1179.6902040816326,1155.9738775510207
-1.0,5431.682040816328,3656.204081632653,3175.5873469387757,1864.907755102041,1517.11387755102,1359.22,3158.8571428571427,892.8689795918368,1293.7473469387753,1095.8138775510206,1821.3587755102037,954.2187755102041,1343.1122448979593,1193.5820408163265,1229.6555102040816,1626.8016326530612
