runs,2.0,2.2,2.4,2.6,2.8,3.0,3.2,3.4,3.6,3.8,4.0
1,0.16865671641791044,0.16666666666666666,0.16475644699140402,0.13481828839390386,0.14268292682926828,0.13194444444444445,0.13317479191438764,0.12189859762675297,0.1344632768361582,0.12019704433497536,0.11363636363636363
2,0.1636904761904762,0.1542483660130719,0.14925373134328357,0.14194373401534527,0.13333333333333333,0.12624584717607973,0.13157894736842105,0.12710911136107986,0.1267605633802817,0.12791991101223582,0.12095933263816475
3,0.17043740573152338,0.15191740412979352,0.1643646408839779,0.13947696139476962,0.13484486873508353,0.13902439024390242,0.12918108419838523,0.1275395033860045,0.12280701754385966,0.10966542750929367,0.10565338276181649
4,0.1680129240710824,0.17352941176470588,0.14564369310793238,0.14182692307692307,0.1271604938271605,0.15721649484536082,0.14064362336114422,0.12737430167597766,0.10948191593352884,0.1134453781512605,0.10914454277286137
5,0.1823104693140794,0.1407035175879397,0.14423076923076922,0.1581081081081081,0.13027744270205066,0.13093858632676708,0.1291053227633069,0.11649484536082474,0.1255364806866953,0.10366972477064221,0.10597826086956522
6,0.1916376306620209,0.16548797736916548,0.1744186046511628,0.14323258869908018,0.14796547472256472,0.12526315789473685,0.13340935005701254,0.1307609860664523,0.11697722567287784,0.11354581673306773,0.11315280464216634
7,0.16822429906542055,0.15647226173541964,0.1448019801980198,0.1506849315068493,0.1403091557669441,0.13186813186813187,0.1279826464208243,0.12591815320041974,0.1183673469387755,0.11463664278403274,0.11966701352757546
8,0.1908006814310051,0.16275862068965516,0.14285714285714285,0.15279672578444747,0.1396786155747837,0.13658536585365855,0.12863534675615212,0.12877939529675253,0.11295034079844206,0.1116412213740458,0.11260827718960538
9,0.15477996965098634,0.15287517531556802,0.15089514066496162,0.14786967418546365,0.15217391304347827,0.14043583535108958,0.1289198606271777,0.1277533039647577,0.12552742616033755,0.11487179487179487,0.0993897122929381
10,0.15607734806629833,0.15666178623718888,0.14361001317523056,0.14303797468354432,0.13118527042577677,0.1376037959667853,0.12745098039215688,0.12432432432432433,0.1163265306122449,0.11594202898550725,0.10854947166186359
11,0.14774281805745554,0.16073968705547653,0.15834522111269614,0.15081521739130435,0.13696969696969696,0.12379935965848453,0.12195121951219513,0.1182466870540265,0.12195121951219513,0.11788211788211789,0.11860940695296524
12,0.164274322169059,0.16402877697841725,0.1385390428211587,0.15247252747252749,0.13647342995169082,0.12802768166089964,0.13077790304396844,0.12242798353909466,0.1098677517802645,0.11383709519136408,0.11078431372549019
13,0.16557377049180327,0.1654357459379616,0.15066666666666667,0.13219094247246022,0.1327543424317618,0.12763713080168776,0.13993174061433447,0.11643835616438357,0.11188118811881188,0.1117533718689788,0.10813397129186604
14,0.1457142857142857,0.16400580551523947,0.14394904458598726,0.14599483204134367,0.125,0.14302884615384615,0.12611607142857142,0.13220338983050847,0.11445198836081476,0.10813308687615528,0.10848126232741617
15,0.17903225806451614,0.17553956834532372,0.14927184466019416,0.14075887392900857,0.14157014157014158,0.11818181818181818,0.12684989429175475,0.12074303405572755,0.1160443995963673,0.10952380952380952,0.10787172011661808
16,0.16825396825396824,0.1546811397557666,0.1590909090909091,0.15416098226466576,0.12831858407079647,0.13053097345132744,0.13172338090010977,0.11313131313131314,0.12032355915065722,0.11393692777212615,0.11024390243902439
17,0.1685761047463175,0.1584022038567493,0.15123859191655803,0.14041994750656167,0.15760869565217392,0.14389359129383314,0.12745098039215688,0.12749445676274945,0.12624584717607973,0.11297852474323064,0.11381322957198442
18,0.17054263565891473,0.1590909090909091,0.13468869123252858,0.1377726750861079,0.12760736196319017,0.13912009512485135,0.11599999999999999,0.1102514506769826,0.11451942740286297,0.12169312169312169,0.1081818181818182
19,0.15406976744186046,0.1550068587105624,0.15496688741721854,0.1528925619834711,0.14379084967320263,0.12593383137673425,0.12205567451820128,0.12341772151898735,0.11573604060913704,0.1193293885601578,0.1102803738317757
20,0.1598793363499246,0.1607142857142857,0.14089775561097256,0.1441326530612245,0.1399276236429433,0.14481897627965043,0.1455223880597015,0.11752577319587629,0.1277056277056277,0.11745334796926456,0.1104594330400782
21,0.1838487972508591,0.15612382234185734,0.15477792732166892,0.14842767295597484,0.14041514041514042,0.14524421593830336,0.1325581395348837,0.12638580931263857,0.1111111111111111,0.11770623742454728,0.12033195020746888
22,0.17111459968602824,0.16888888888888887,0.1439299123904881,0.1581196581196581,0.14637146371463716,0.14173228346456693,0.12806236080178174,0.1273532668881506,0.11946446961894952,0.11558307533539733,0.1218487394957983
23,0.1724709784411277,0.15892053973013492,0.13746958637469586,0.1365795724465558,0.13093858632676708,0.12249443207126948,0.13995215311004783,0.12921348314606743,0.1209016393442623,0.11454183266932272,0.1015358361774744
24,0.15373352855051245,0.16390977443609023,0.1422976501305483,0.13990267639902676,0.13866039952996476,0.13956170703575546,0.1245791245791246,0.12379935965848453,0.112855740922473,0.12473572938689216,0.10681399631675874
25,0.16124260355029585,0.16716417910447762,0.1649016641452345,0.13237063778580024,0.14082840236686392,0.1245791245791246,0.13169642857142858,0.11277445109780439,0.11575875486381323,0.11142857142857143,0.11152764761012184
26,0.17465224111282845,0.1664167916041979,0.1499348109517601,0.15937940761636107,0.141439205955335,0.15108834827144688,0.1345707656612529,0.11210317460317461,0.12205567451820128,0.11306042884990253,0.10863509749303622
27,0.17345399698340874,0.16954022988505746,0.1517150395778364,0.1487603305785124,0.13195201744820065,0.13363533408833522,0.12958715596330275,0.12998859749144812,0.1309255079006772,0.10934579439252337,0.11538461538461539
28,0.16305916305916307,0.1639344262295082,0.14377406931964057,0.15994236311239193,0.14150943396226415,0.1221556886227545,0.12877939529675253,0.12828947368421054,0.12216216216216216,0.12103174603174603,0.10984848484848485
29,0.16764705882352943,0.1567267683772538,0.17404580152671756,0.135632183908046,0.1393643031784841,0.13043478260869565,0.13587604290822408,0.12882096069868995,0.1218487394957983,0.1303395399780942,0.11568627450980393
30,0.15419161676646706,0.1460823373173971,0.15225806451612903,0.14444444444444443,0.1423125794155019,0.13340935005701254,0.12334801762114536,0.10956175298804781,0.11966701352757546,0.11612284069097889,0.10571428571428572
31,0.14878397711015737,0.14885496183206107,0.13748531139835488,0.14675324675324675,0.1404639175257732,0.1234567901234568,0.11889596602972398,0.12299465240641712,0.11522633744855967,0.12195121951219513,0.1038961038961039
32,0.16814159292035397,0.16420118343195267,0.15167785234899328,0.14795918367346939,0.14215686274509803,0.13364595545134816,0.12192513368983957,0.1127348643006263,0.120925341745531,0.1184738955823293,0.11188811188811189
33,0.18491921005385997,0.1719939117199391,0.16275862068965516,0.15604681404421328,0.13814180929095354,0.14064362336114422,0.1303867403314917,0.12169312169312169,0.1110009910802775,0.10665451230628988,0.12721584984358708
34,0.15912408759124086,0.15730337078651685,0.150997150997151,0.143236074270557,0.12471655328798187,0.13675213675213677,0.14786967418546365,0.1368421052631579,0.1227180527383367,0.12742980561555076,0.11644535240040857
35,0.17018072289156624,0.16288951841359772,0.16348773841961853,0.12850467289719625,0.14131736526946106,0.12471131639722863,0.1379746835443038,0.12043010752688171,0.11681772406847936,0.12472647702407001,0.12043435340572556
36,0.15521978021978022,0.17011834319526628,0.14941022280471822,0.1330275229357798,0.1501240694789082,0.1381011097410604,0.14165666266506602,0.12044198895027625,0.11254980079681275,0.11806256306760847,0.11464354527938345
37,0.16909620991253643,0.17209302325581396,0.16740088105726872,0.1630901287553648,0.13425925925925927,0.14425427872860636,0.13595933926302414,0.1277292576419214,0.11488511488511488,0.11959798994974874,0.11561264822134389
38,0.1641337386018237,0.14285714285714285,0.15834522111269614,0.1631799163179916,0.15194805194805194,0.12709030100334448,0.13205417607223477,0.12171052631578948,0.12357217030114227,0.11468812877263583,0.11964107676969093
39,0.178125,0.153737658674189,0.15,0.1444582814445828,0.12950450450450451,0.125,0.1193877551020408,0.12434141201264488,0.11133810010214504,0.11260827718960538,0.10182767624020887
40,0.15482954545454544,0.18494271685761046,0.1654357459379616,0.13480392156862744,0.13374233128834356,0.11609756097560976,0.12020725388601036,0.1183673469387755,0.11363636363636363,0.12289915966386555,0.11542288557213931
41,0.14968553459119496,0.16133518776077888,0.15258855585831063,0.15577190542420027,0.12131147540983606,0.14320388349514562,0.1300992282249173,0.11899791231732776,0.1112167300380228,0.11262135922330098,0.11882229232386961
42,0.15789473684210528,0.17357910906298005,0.14014251781472684,0.1351010101010101,0.1317016317016317,0.12542759407069556,0.11496531219028741,0.11035818005808325,0.10193321616871705,0.11511511511511512,0.11263467189030363
43,0.16438356164383564,0.14304123711340208,0.16946778711484592,0.16838995568685378,0.14088050314465408,0.14096385542168674,0.1165644171779141,0.12021857923497267,0.11782178217821782,0.11613566289825282,0.1051643192488263
44,0.157514450867052,0.14652956298200515,0.14682539682539683,0.15940054495912806,0.13837209302325582,0.14463840399002495,0.14337349397590363,0.1312910284463895,0.12831858407079647,0.12142857142857144,0.10433979686057249
45,0.15677966101694915,0.1475177304964539,0.14032869785082175,0.14378238341968913,0.14637146371463716,0.12217194570135746,0.1334106728538283,0.11666666666666667,0.12406417112299466,0.11420345489443377,0.10982658959537572
46,0.17546583850931677,0.16086956521739132,0.1691842900302115,0.14116251482799527,0.13381995133819952,0.13333333333333333,0.14658385093167703,0.120925341745531,0.1231732776617954,0.12225705329153606,0.10952380952380952
47,0.14398943196829592,0.15208034433285508,0.1674491392801252,0.15712383488681755,0.13272311212814644,0.13480392156862744,0.13116591928251123,0.12238493723849374,0.1281767955801105,0.11671924290220818,0.1111111111111111
48,0.16305916305916307,0.14670255720053835,0.16059379217273953,0.1553133514986376,0.13950617283950617,0.1317016317016317,0.13087248322147652,0.11864406779661017,0.12448132780082988,0.116370808678501,0.10564010743061772
49,0.1701492537313433,0.15285714285714286,0.16642754662840745,0.13559322033898305,0.14007782101167315,0.1313012895662368,0.13003452243958574,0.125,0.11078998073217726,0.10848126232741617,0.11298315163528247
50,0.16614420062695925,0.17001545595054096,0.15033557046979865,0.15159574468085107,0.15155440414507773,0.14060606060606062,0.12309368191721133,0.11904761904761904,0.12624584717607973,0.1217750257997936,0.10556621880998081
