runs,2.0,2.1,2.2,2.3,2.4,2.5,2.6,2.7,2.8,2.9,3.0,3.1,3.2,3.3,3.4,3.5
1,0.15384615384615385,0.1116504854368932,0.0912863070539419,0.09852216748768472,0.07720588235294118,0.08,0.0693069306930693,0.08713692946058091,0.0586734693877551,0.06432748538011696,0.06349206349206349,0.053164556962025315,0.06968641114982578,0.047505938242280284,0.05333333333333334,0.03773584905660377
2,0.09859154929577466,0.09767441860465118,0.1325301204819277,0.11931818181818181,0.08502024291497975,0.07272727272727272,0.07641196013289037,0.08627450980392157,0.07636363636363637,0.048165137614678895,0.0813953488372093,0.05263157894736842,0.06027397260273973,0.055248618784530384,0.0440251572327044,0.05149051490514905
3,0.12921348314606743,0.12571428571428572,0.11979166666666667,0.08536585365853659,0.09777777777777778,0.06606606606606606,0.07547169811320754,0.07581227436823106,0.07167235494880546,0.04896907216494845,0.0626865671641791,0.05865921787709497,0.06885245901639345,0.059154929577464786,0.05367231638418079,0.04896907216494845
4,0.12903225806451613,0.11267605633802817,0.08399999999999999,0.09777777777777778,0.08294930875576037,0.07266435986159168,0.08366533864541832,0.07241379310344827,0.06547619047619048,0.08333333333333333,0.07786885245901638,0.06481481481481481,0.049350649350649346,0.06430868167202572,0.05970149253731343,0.056657223796034
5,0.11475409836065575,0.08502024291497975,0.0846774193548387,0.1111111111111111,0.09302325581395349,0.12234042553191488,0.06606606606606606,0.07482993197278912,0.07473309608540925,0.06162464985994398,0.06862745098039216,0.07006369426751592,0.057692307692307696,0.056657223796034,0.050890585241730284,0.043478260869565216
6,0.17142857142857143,0.14492753623188406,0.11167512690355329,0.09051724137931035,0.1116504854368932,0.10550458715596331,0.09401709401709402,0.07167235494880546,0.05714285714285714,0.08333333333333333,0.06840390879478828,0.055882352941176466,0.05949008498583569,0.05555555555555555,0.058333333333333334,0.04719101123595506
7,0.1173469387755102,0.09345794392523366,0.1134020618556701,0.1004566210045662,0.11176470588235293,0.08438818565400844,0.08088235294117647,0.0728476821192053,0.09282700421940927,0.06734006734006734,0.052910052910052914,0.06583072100313479,0.05223880597014925,0.04740406320541761,0.05649717514124294,0.04645476772616137
8,0.12574850299401197,0.08620689655172414,0.11224489795918369,0.10945273631840796,0.08943089430894309,0.08695652173913043,0.07604562737642585,0.06461538461538462,0.07117437722419928,0.06461538461538462,0.06309148264984227,0.04656862745098039,0.06688963210702341,0.0673076923076923,0.042826552462526764,0.05376344086021505
9,0.09803921568627452,0.0995475113122172,0.10576923076923077,0.0842911877394636,0.09504132231404958,0.07317073170731708,0.07692307692307693,0.08560311284046693,0.052941176470588235,0.0777027027027027,0.07692307692307693,0.07457627118644068,0.05847953216374269,0.06158357771260997,0.060518731988472615,0.038461538461538464
10,0.10267857142857142,0.08444444444444443,0.1135135135135135,0.06209150326797386,0.07308970099667775,0.09387755102040816,0.06441717791411043,0.0813953488372093,0.06432748538011696,0.08041958041958042,0.052505966587112166,0.05116279069767442,0.055248618784530384,0.04449152542372882,0.054945054945054944,0.04926108374384236
11,0.12068965517241378,0.09302325581395349,0.11557788944723618,0.11627906976744186,0.10091743119266056,0.09433962264150944,0.06481481481481481,0.0706713780918728,0.07394366197183098,0.0707070707070707,0.0670926517571885,0.050119331742243436,0.06514657980456026,0.06134969325153374,0.0558659217877095,0.035916824196597356
12,0.11931818181818181,0.14285714285714285,0.07339449541284404,0.08695652173913043,0.10869565217391305,0.07534246575342465,0.07885304659498207,0.07664233576642336,0.07251908396946566,0.07560137457044674,0.0625,0.052910052910052914,0.060422960725075525,0.06481481481481481,0.05194805194805195,0.0437636761487965
13,0.12,0.11055276381909548,0.0842911877394636,0.125,0.09166666666666667,0.11855670103092783,0.09401709401709402,0.0728476821192053,0.07692307692307693,0.07241379310344827,0.07777777777777778,0.07142857142857142,0.05048076923076923,0.06289308176100629,0.0626865671641791,0.045563549160671464
14,0.12941176470588234,0.07456140350877193,0.07746478873239437,0.10552763819095477,0.09956709956709957,0.08835341365461848,0.09019607843137255,0.07758620689655173,0.07251908396946566,0.08455882352941177,0.06875,0.05115089514066496,0.05121951219512195,0.06999999999999999,0.05454545454545455,0.0449438202247191
15,0.12883435582822086,0.1111111111111111,0.1329113924050633,0.0888030888030888,0.1346153846153846,0.048832271762208064,0.08267716535433071,0.09545454545454546,0.06748466257668712,0.0660377358490566,0.0584958217270195,0.07042253521126761,0.04366812227074236,0.06043956043956043,0.052910052910052914,0.051344743276283626
16,0.11224489795918369,0.1038961038961039,0.0901639344262295,0.11049723756906077,0.09465020576131687,0.08076923076923076,0.09767441860465118,0.0912863070539419,0.06644518272425248,0.0558659217877095,0.059880239520958084,0.07046979865771813,0.04305283757338552,0.05221932114882507,0.0546875,0.03816793893129771
17,0.10648148148148147,0.12105263157894738,0.08163265306122448,0.07006369426751592,0.0695970695970696,0.11052631578947368,0.067524115755627,0.08156028368794327,0.08550185873605948,0.06489675516224189,0.061452513966480445,0.05801104972375691,0.060060060060060066,0.07581227436823106,0.05585106382978723,0.046563192904656325
18,0.10416666666666667,0.08849557522123894,0.08759124087591241,0.08518518518518518,0.0823045267489712,0.09442060085836909,0.07117437722419928,0.10256410256410256,0.07216494845360824,0.08396946564885496,0.06907894736842105,0.07473309608540925,0.044967880085653104,0.06140350877192983,0.0544959128065395,0.041407867494824016
19,0.10550458715596331,0.10891089108910891,0.11413043478260869,0.08333333333333333,0.09426229508196722,0.0859375,0.1301775147928994,0.0750853242320819,0.07006369426751592,0.06027397260273973,0.06211180124223602,0.06774193548387096,0.06017191977077364,0.056451612903225805,0.046116504854368925,0.029921259842519688
20,0.11737089201877934,0.08936170212765958,0.08745247148288973,0.11731843575418995,0.07913669064748201,0.09195402298850575,0.09543568464730291,0.07936507936507936,0.07011070110701106,0.08148148148148147,0.06211180124223602,0.08267716535433071,0.05527638190954774,0.06756756756756756,0.05,0.048223350253807105
21,0.11864406779661017,0.10628019323671499,0.07777777777777778,0.08641975308641975,0.08968609865470852,0.09292035398230088,0.07317073170731708,0.06962025316455696,0.0847457627118644,0.06907894736842105,0.06309148264984227,0.07342657342657342,0.053164556962025315,0.03925233644859814,0.0581039755351682,0.05
22,0.10176991150442478,0.08148148148148147,0.10880829015544043,0.07094594594594594,0.1,0.07407407407407407,0.09956709956709957,0.055408970976253295,0.06626506024096385,0.05722070844686649,0.060693641618497114,0.07636363636363637,0.0650887573964497,0.050359712230215826,0.058997050147492625,0.038076152304609215
23,0.13690476190476192,0.1325301204819277,0.06985294117647059,0.08898305084745764,0.0912863070539419,0.09090909090909091,0.06430868167202572,0.09401709401709402,0.050119331742243436,0.06622516556291391,0.06944444444444445,0.05398457583547557,0.05555555555555555,0.04830917874396135,0.05801104972375691,0.05185185185185186
24,0.16058394160583941,0.10849056603773585,0.09950248756218905,0.10679611650485438,0.09859154929577466,0.08108108108108107,0.06470588235294117,0.0851063829787234,0.07829181494661921,0.08943089430894309,0.059154929577464786,0.05141388174807198,0.06395348837209303,0.06309148264984227,0.04405286343612335,0.06
25,0.10548523206751054,0.10837438423645321,0.08527131782945736,0.10267857142857142,0.08733624454148473,0.08520179372197309,0.10232558139534884,0.08695652173913043,0.08203125,0.08076923076923076,0.05789473684210526,0.06976744186046512,0.06542056074766354,0.050666666666666665,0.04962779156327544,0.04318181818181818
26,0.10106382978723404,0.12209302325581396,0.11377245508982037,0.10047846889952153,0.07604562737642585,0.09465020576131687,0.0873015873015873,0.09292035398230088,0.058823529411764705,0.08502024291497975,0.05753424657534247,0.058997050147492625,0.050359712230215826,0.06269592476489029,0.049868766404199474,0.051980198019801985
27,0.12751677852348994,0.10416666666666667,0.10043668122270742,0.11822660098522167,0.09787234042553192,0.08527131782945736,0.09130434782608696,0.07509881422924901,0.0736842105263158,0.08064516129032258,0.07246376811594203,0.06269592476489029,0.05737704918032788,0.06624605678233439,0.05084745762711864,0.042105263157894736
28,0.15966386554621848,0.13609467455621302,0.09767441860465118,0.07692307692307693,0.08070175438596491,0.07142857142857142,0.07608695652173914,0.08239700374531835,0.06774193548387096,0.07751937984496124,0.059322033898305086,0.06529209621993128,0.05121293800539083,0.06501547987616099,0.0591715976331361,0.05730659025787966
29,0.09865470852017937,0.10824742268041238,0.0958904109589041,0.09777777777777778,0.09852216748768472,0.08823529411764705,0.07777777777777778,0.07971014492753624,0.0847457627118644,0.08571428571428572,0.0553935860058309,0.04827586206896552,0.05234159779614325,0.052083333333333336,0.05714285714285714,0.04807692307692307
30,0.10476190476190476,0.08333333333333333,0.10859728506787329,0.1075268817204301,0.08264462809917356,0.07638888888888888,0.06269592476489029,0.07692307692307693,0.06289308176100629,0.0668693009118541,0.0784313725490196,0.06645569620253165,0.05063291139240506,0.04964539007092199,0.06289308176100629,0.056603773584905655
31,0.09821428571428571,0.09433962264150944,0.12352941176470589,0.11891891891891893,0.10270270270270271,0.09251101321585903,0.07636363636363637,0.07547169811320754,0.07777777777777778,0.075,0.06481481481481481,0.06325301204819277,0.05970149253731343,0.066006600660066,0.05060240963855422,0.047961630695443645
32,0.09499999999999999,0.11518324607329843,0.1050228310502283,0.10144927536231883,0.09387755102040816,0.08870967741935483,0.09633027522935779,0.08076923076923076,0.05851063829787234,0.06666666666666667,0.06233062330623306,0.0634441087613293,0.05847953216374269,0.06644518272425248,0.05104408352668214,0.05200945626477541
33,0.11931818181818181,0.0967741935483871,0.09401709401709402,0.09251101321585903,0.09909909909909909,0.105,0.058823529411764705,0.07913669064748201,0.08764940239043825,0.07166123778501629,0.056603773584905655,0.06774193548387096,0.05555555555555555,0.056886227544910184,0.049528301886792456,0.0584958217270195
34,0.14035087719298245,0.10880829015544043,0.1164021164021164,0.08118081180811808,0.06528189910979229,0.0819672131147541,0.07096774193548387,0.06666666666666667,0.06766917293233082,0.06287425149700598,0.059375000000000004,0.05263157894736842,0.05753424657534247,0.046052631578947366,0.06461538461538462,0.043568464730290454
35,0.08979591836734693,0.1149425287356322,0.09282700421940927,0.09865470852017937,0.08333333333333333,0.09606986899563319,0.06451612903225806,0.0738255033557047,0.08455882352941177,0.07166123778501629,0.05585106382978723,0.049180327868852465,0.043859649122807015,0.0558659217877095,0.04708520179372198,0.045064377682403435
36,0.12429378531073447,0.09787234042553192,0.1375,0.09502262443438914,0.07636363636363637,0.08571428571428572,0.06349206349206349,0.092,0.06104651162790698,0.05753424657534247,0.06303724928366762,0.0658682634730539,0.07291666666666667,0.037037037037037035,0.04377880184331798,0.038910505836575876
37,0.10989010989010989,0.11538461538461539,0.12087912087912087,0.0958904109589041,0.07612456747404844,0.075,0.09787234042553192,0.07394366197183098,0.0684931506849315,0.08571428571428572,0.06461538461538462,0.04849884526558891,0.067524115755627,0.04525862068965517,0.050890585241730284,0.05384615384615384
38,0.11728395061728394,0.08800000000000001,0.09268292682926829,0.08979591836734693,0.09210526315789473,0.08582089552238806,0.07636363636363637,0.0726072607260726,0.07665505226480837,0.06713780918727914,0.07638888888888888,0.057692307692307696,0.06451612903225806,0.06104651162790698,0.06,0.056782334384858045
39,0.10576923076923077,0.10112359550561797,0.13372093023255813,0.07751937984496124,0.07604562737642585,0.09174311926605504,0.09012875536480687,0.07722007722007722,0.07299270072992702,0.07168458781362008,0.07094594594594594,0.057971014492753624,0.06622516556291391,0.0510204081632653,0.04139433551198257,0.04337899543378995
40,0.13414634146341464,0.10267857142857142,0.1,0.05572755417956657,0.10050251256281408,0.07272727272727272,0.10267857142857142,0.09166666666666667,0.06376811594202898,0.08208955223880597,0.06993006993006992,0.06027397260273973,0.06484641638225257,0.05817174515235457,0.052486187845303865,0.06309148264984227
41,0.1286549707602339,0.0958904109589041,0.1256544502617801,0.10280373831775702,0.115,0.09691629955947137,0.11052631578947368,0.07547169811320754,0.06528189910979229,0.06578947368421052,0.05263157894736842,0.05454545454545455,0.050359712230215826,0.060518731988472615,0.04474272930648769,0.04555808656036447
42,0.07421875,0.12087912087912087,0.1402439024390244,0.1,0.09053497942386832,0.08300395256916997,0.1044776119402985,0.07166123778501629,0.08571428571428572,0.06528189910979229,0.07246376811594203,0.059880239520958084,0.056603773584905655,0.0510948905109489,0.04024144869215292,0.04405286343612335
43,0.1111111111111111,0.13924050632911392,0.11282051282051282,0.09216589861751152,0.0798611111111111,0.07251908396946566,0.08396946564885496,0.07142857142857142,0.07051282051282051,0.06796116504854369,0.06153846153846154,0.053908355795148244,0.03696498054474708,0.04708520179372198,0.04740406320541761,0.05333333333333334
44,0.08733624454148473,0.07796610169491526,0.07755102040816327,0.09375,0.10294117647058824,0.0979381443298969,0.08641975308641975,0.0750853242320819,0.08076923076923076,0.08583690987124463,0.06397306397306397,0.06024096385542168,0.06557377049180328,0.05614973262032085,0.04192872117400419,0.045454545454545456
45,0.11931818181818181,0.12138728323699423,0.10185185185185185,0.08403361344537814,0.07692307692307693,0.08029197080291971,0.0867579908675799,0.10194174757281553,0.078125,0.056451612903225805,0.057971014492753624,0.05945945945945946,0.06920415224913495,0.061919504643962855,0.06389776357827476,0.04807692307692307
46,0.09767441860465118,0.1,0.08396946564885496,0.10695187165775401,0.09523809523809523,0.08620689655172414,0.08178438661710037,0.07457627118644068,0.08163265306122448,0.05060240963855422,0.061827956989247305,0.07604562737642585,0.05555555555555555,0.054263565891472874,0.04964539007092199,0.04555808656036447
47,0.14285714285714285,0.12352941176470589,0.09302325581395349,0.0812720848056537,0.09311740890688258,0.07954545454545454,0.07446808510638298,0.08860759493670886,0.09545454545454546,0.06291390728476821,0.07194244604316546,0.054455445544554455,0.06501547987616099,0.04106776180698152,0.05898876404494382,0.05
48,0.1111111111111111,0.12429378531073447,0.0683453237410072,0.08812260536398468,0.09767441860465118,0.0813953488372093,0.07801418439716312,0.07931034482758621,0.0726072607260726,0.06748466257668712,0.08333333333333333,0.0694006309148265,0.06122448979591837,0.056603773584905655,0.047619047619047616,0.05333333333333334
49,0.12254901960784313,0.11167512690355329,0.11057692307692309,0.10050251256281408,0.12941176470588234,0.09504132231404958,0.07194244604316546,0.06321839080459771,0.0736842105263158,0.07942238267148014,0.06968641114982578,0.07017543859649122,0.053708439897698204,0.04635761589403973,0.05121951219512195,0.05526315789473684
50,0.11009174311926605,0.11458333333333334,0.10582010582010583,0.11764705882352941,0.09361702127659574,0.08366533864541832,0.09090909090909091,0.06790123456790123,0.07720588235294118,0.0617283950617284,0.0711864406779661,0.06389776357827476,0.05440414507772021,0.06493506493506493,0.061290322580645165,0.04310344827586207
