range,-3.0,-2.9,-2.8,-2.7,-2.6,-2.5,-2.4,-2.3,-2.2,-2.1,-2.0,-1.9,-1.8,-1.7,-1.6,-1.5
0.0,405.7832653061225,290.65469387755104,204.24326530612248,172.21591836734697,115.1383673469388,104.99959183673468,128.7465306122449,84.70857142857143,64.44244897959184,35.04530612244898,44.89795918367347,63.83510204081633,40.14244897959183,31.312653061224488,28.32816326530612,14.741224489795917
-0.05,714.0,378.0832653061224,321.4795918367347,183.03020408163263,180.8669387755102,173.10204081632654,125.30448979591837,71.60367346938776,91.27551020408163,67.70979591836735,57.203673469387766,91.56122448979592,54.09836734693878,24.02285714285714,34.24326530612245,27.696326530612243
-0.1,576.3689795918367,537.4616326530613,364.3738775510204,243.20653061224488,287.6751020408163,191.2657142857143,173.39632653061224,245.10204081632654,104.0608163265306,83.69836734693878,103.7730612244898,40.362857142857145,76.33673469387755,42.31673469387755,108.87510204081634,27.00244897959184
-0.15,638.4636734693878,555.0714285714286,488.22897959183666,299.0612244897959,391.6020408163265,197.3289795918367,261.88775510204084,233.55102040816325,202.73469387755102,78.36571428571429,108.23714285714287,68.01020408163265,81.97387755102041,70.33020408163266,69.75877551020409,93.59183673469387
-0.2,878.6840816326531,710.8281632653061,867.1269387755102,527.3751020408163,560.0689795918366,364.75142857142856,191.42897959183674,247.40448979591835,306.3526530612245,221.49755102040814,115.92857142857143,106.1587755102041,194.9795918367347,122.40979591836735,116.25469387755103,89.63102040816327
-0.25,1516.8820408163265,989.7179591836737,794.8118367346939,595.3240816326531,382.4575510204082,388.6224489795918,283.08122448979594,275.7044897959184,312.7873469387755,168.485306122449,257.90367346938774,190.39224489795916,138.93714285714285,181.32285714285715,195.39632653061224,165.89428571428573
-0.3,2451.969387755102,2017.061224489796,767.3799999999999,1394.2126530612245,923.4106122448981,587.8877551020408,629.7208163265306,517.7669387755102,388.9387755102041,343.554693877551,361.554693877551,335.58530612244897,228.88530612244895,291.8138775510204,184.7383673469388,293.1938775510204
-0.35,2174.7138775510202,2119.9595918367345,1998.61387755102,992.0016326530613,1196.5240816326532,741.0893877551022,507.5922448979592,528.8571428571429,443.90040816326535,494.88326530612244,380.6269387755102,364.38204081632654,521.6983673469388,463.35061224489795,680.6220408163265,342.0
-0.4,2063.2771428571427,2555.0812244897957,2406.612244897959,1457.8061224489795,1956.4167346938775,791.0710204081632,1115.1530612244899,818.0510204081633,831.0730612244898,492.9795918367347,719.0302040816325,497.7506122448979,401.86163265306124,529.6575510204082,965.018775510204,464.2791836734694
-0.45,4917.162857142857,2544.2551020408164,3358.704081632653,2102.3514285714286,1358.4248979591835,1240.2959183673468,1149.162857142857,1757.7551020408164,1445.9220408163264,830.3269387755103,850.2371428571428,665.9710204081631,815.4285714285714,665.3077551020408,1136.4424489795917,1103.4942857142858
-0.5,8099.673877551021,2834.6938775510203,3763.3979591836733,2005.1269387755103,1871.3812244897958,1886.4391836734699,1619.306530612245,1865.0044897959183,1159.4220408163264,885.7942857142857,1181.837142857143,1157.4534693877551,813.518775510204,1055.7261224489794,1040.7269387755102,1725.5902040816327
-0.55,6728.743265306123,5830.214285714285,5321.42693877551,3237.673469387755,3055.8061224489797,3959.608571428571,2738.254693877551,2256.081632653061,1836.7514285714287,1641.889387755102,1349.1036734693878,1400.877142857143,1936.3383673469389,1557.4975510204083,1951.5102040816328,2239.8893877551022
-0.6,7233.418775510203,5653.030612244898,5535.8302040816325,3057.022040816327,4426.373877551021,3110.581632653061,3596.6595918367348,2363.293469387755,4106.969795918368,1791.6473469387756,2321.175918367347,2739.505714285715,2945.4351020408167,3656.7036734693875,3643.47306122449,5264.251428571429
-0.65,18273.739183673468,8626.279183673469,9414.722040816327,5792.310612244899,4466.0771428571425,6375.549387755102,2736.189387755102,3101.677142857143,3637.5004081632655,3228.2534693877546,3826.341224489796,2542.4097959183673,4537.48612244898,4560.718775510203,5476.999591836734,4902.684081632653
-0.7,7210.899591836734,10731.258775510205,8130.16693877551,8853.143265306122,9312.255102040815,8069.57387755102,5966.793469387755,5122.336734693878,4810.659591836735,5507.020816326531,3440.6861224489794,5716.230204081633,6231.737142857142,4855.935102040817,7470.771020408162,10363.665714285715
-0.75,16660.528979591836,15591.853469387757,11148.98326530612,16142.10775510204,10362.798367346939,7049.3534693877555,9043.375102040816,7461.84693877551,8253.78612244898,7355.66693877551,6883.231020408163,7845.469387755102,7383.026938775511,12918.512653061221,12397.836734693878,18370.408163265303
-0.8,35115.93306122448,20709.70775510204,22305.12693877551,14269.884081632654,14097.275510204081,9212.728163265305,7531.673469387755,8876.237142857142,6989.01387755102,8570.581224489795,9479.601632653063,11346.86081632653,9548.039183673469,9768.024897959185,22446.003673469386,28484.809795918365
-0.85,32028.638367346935,30001.568979591833,31384.75755102041,17727.745306122448,14314.988163265307,8847.877551020409,11995.650612244895,11413.781224489796,15712.318775510206,17733.591836734693,11180.449387755103,13776.801632653061,30853.918367346938,18382.96693877551,25327.943265306123,56328.8330612245
-0.9,39912.686122448984,43660.16367346939,32235.198367346937,23670.662857142856,28080.53428571429,17414.760816326532,17120.37387755102,14819.32081632653,18851.306530612244,16135.077959183673,17785.701632653057,15211.536326530613,22971.198367346937,42460.0,67099.7587755102,62141.45142857143
-0.95,45007.05142857144,42438.42285714286,25078.409795918367,36771.07918367347,31371.0893877551,26315.538367346937,23984.654693877554,28658.139183673466,22236.352653061225,23963.037142857138,29123.004489795916,40274.0,34169.63102040816,60910.880000000005,100051.07591836734,230794.81673469386
-1.0,62553.706530612246,67682.49346938776,44175.510204081635,51230.6893877551,55217.98530612246,33144.880000000005,33222.0587755102,21421.193469387756,45375.2718367347,38622.78734693878,36725.68326530612,45530.08204081633,43607.157551020406,67063.46775510204,181721.5106122449,364614.7448979592
