runs,-0.8,-0.75,-0.7,-0.65,-0.6,-0.55,-0.5,-0.45,-0.4,-0.35,-0.3,-0.25,-0.2,-0.15,-0.1,-0.05,0.0
1,0.023121387283236993,0.04592901878914405,0.03542673107890499,0.04339250493096647,0.05013192612137204,0.05865921787709497,0.05864197530864197,0.08849557522123894,0.12751677852348994,0.1347517730496454,0.1592920353982301,0.20930232558139536,0.26153846153846155,0.23880597014925373,0.32,0.34782608695652173,0.375
2,0.026378896882494007,0.029649595687331536,0.03492063492063492,0.04741379310344828,0.06340057636887608,0.07954545454545454,0.09302325581395349,0.10869565217391305,0.11515151515151516,0.12837837837837837,0.2173913043478261,0.20689655172413796,0.19767441860465118,0.2833333333333333,0.3333333333333333,0.30434782608695654,0.45161290322580644
3,0.020737327188940093,0.03156384505021521,0.04331450094161959,0.04641350210970464,0.05630026809651474,0.06896551724137931,0.08786610878661087,0.10810810810810811,0.11585365853658536,0.13768115942028986,0.19266055045871558,0.17894736842105263,0.16853932584269662,0.31578947368421056,0.2,0.3513513513513513,0.4722222222222222
4,0.022962112514351322,0.039783001808318265,0.041353383458646614,0.05411764705882353,0.060693641618497114,0.06624605678233439,0.09417040358744395,0.09333333333333334,0.10344827586206898,0.13740458015267176,0.16379310344827586,0.2222222222222222,0.23529411764705882,0.32727272727272727,0.32727272727272727,0.3137254901960784,0.37209302325581395
5,0.032857142857142856,0.02781289506953224,0.03825136612021858,0.0498812351543943,0.054187192118226604,0.06027397260273973,0.07167235494880546,0.08520179372197309,0.10714285714285714,0.1388888888888889,0.19191919191919193,0.2,0.24324324324324326,0.29508196721311475,0.3214285714285714,0.358974358974359,0.3333333333333333
6,0.02505694760820046,0.024390243902439025,0.035234899328859065,0.03804347826086957,0.04899777282850779,0.08677685950413223,0.07575757575757576,0.08823529411764705,0.09547738693467338,0.1292517006802721,0.17757009345794392,0.2077922077922078,0.27692307692307694,0.22535211267605634,0.3035714285714286,0.3488372093023256,0.47058823529411764
7,0.031123139377537214,0.028186274509803922,0.03618421052631579,0.04878048780487805,0.06285714285714286,0.06688963210702341,0.07575757575757576,0.11242603550295857,0.12578616352201258,0.1267605633802817,0.16,0.19736842105263158,0.22499999999999998,0.19753086419753085,0.2542372881355932,0.34146341463414637,0.3684210526315789
8,0.026537997587454766,0.026869158878504672,0.04365079365079365,0.03971119133574007,0.053921568627450976,0.06382978723404256,0.09004739336492891,0.09178743961352656,0.14728682170542634,0.12413793103448276,0.16666666666666666,0.17475728155339806,0.24324324324324326,0.2222222222222222,0.2833333333333333,0.3404255319148936,0.3870967741935484
9,0.022900763358778626,0.030625832223701733,0.036101083032490974,0.05830903790087464,0.06034482758620689,0.06418918918918919,0.0860655737704918,0.09947643979057592,0.11801242236024846,0.10975609756097561,0.15,0.16853932584269662,0.24242424242424243,0.3148148148148148,0.32,0.29411764705882354,0.36585365853658536
10,0.01646542261251372,0.025700934579439255,0.04330708661417323,0.04554865424430642,0.06340057636887608,0.0582010582010582,0.07865168539325842,0.06976744186046512,0.13709677419354838,0.15079365079365079,0.1724137931034483,0.18811881188118812,0.17708333333333331,0.2857142857142857,0.29411764705882354,0.35555555555555557,0.4166666666666667
11,0.02527472527472527,0.028314028314028312,0.03664921465968587,0.0660377358490566,0.07023411371237459,0.06688963210702341,0.07905138339920949,0.07518796992481203,0.14615384615384616,0.11920529801324503,0.15463917525773196,0.2,0.21176470588235294,0.24285714285714288,0.3333333333333333,0.4473684210526316,0.375
12,0.02305159165751921,0.03650793650793651,0.0334855403348554,0.04061895551257253,0.049528301886792456,0.05420054200542006,0.07189542483660132,0.10857142857142857,0.12179487179487178,0.16666666666666666,0.13986013986013984,0.1941747572815534,0.15596330275229356,0.22857142857142856,0.2653061224489796,0.3018867924528302,0.4
13,0.035234899328859065,0.03514376996805112,0.04365079365079365,0.05034324942791762,0.04895104895104895,0.06802721088435375,0.11764705882352941,0.10582010582010583,0.14189189189189189,0.12820512820512822,0.1323529411764706,0.17475728155339806,0.2361111111111111,0.18181818181818182,0.2608695652173913,0.3846153846153846,0.38095238095238093
14,0.018648018648018648,0.029831387808041506,0.039923954372623575,0.04740406320541761,0.03792415169660679,0.057065217391304345,0.09170305676855894,0.10144927536231883,0.10152284263959391,0.136,0.13333333333333333,0.15841584158415842,0.2,0.21333333333333335,0.25,0.35416666666666663,0.4
15,0.028301886792452827,0.03120759837177748,0.037996545768566495,0.03494176372712146,0.052910052910052914,0.07719298245614035,0.09292035398230088,0.14084507042253522,0.10691823899371068,0.12765957446808512,0.12765957446808512,0.20652173913043478,0.21428571428571427,0.3076923076923077,0.32075471698113206,0.37209302325581395,0.4411764705882353
16,0.027431421446384042,0.02875816993464052,0.049107142857142856,0.03859649122807018,0.047281323877068564,0.09545454545454546,0.0796812749003984,0.11864406779661017,0.12195121951219513,0.1292517006802721,0.15079365079365079,0.16346153846153846,0.20930232558139536,0.2807017543859649,0.35416666666666663,0.3469387755102041,0.3333333333333333
17,0.023681377825618945,0.027878787878787878,0.042801556420233464,0.03773584905660377,0.06769230769230769,0.053164556962025315,0.09090909090909091,0.11864406779661017,0.09178743961352656,0.09900990099009901,0.18095238095238095,0.17821782178217824,0.20430107526881722,0.2857142857142857,0.2698412698412698,0.43243243243243246,0.4054054054054054
18,0.02887139107611549,0.038461538461538464,0.038869257950530034,0.048611111111111105,0.05236907730673317,0.07446808510638298,0.08399999999999999,0.08653846153846154,0.11515151515151516,0.1337579617834395,0.16190476190476188,0.14150943396226415,0.265625,0.34545454545454546,0.2571428571428572,0.3846153846153846,0.34782608695652173
19,0.021300448430493273,0.030555555555555555,0.03776683087027914,0.045064377682403435,0.048165137614678895,0.06232294617563739,0.0860655737704918,0.09134615384615384,0.10582010582010583,0.1386861313868613,0.14655172413793105,0.20512820512820512,0.21428571428571427,0.30158730158730157,0.33962264150943394,0.32,0.4411764705882353
20,0.026252983293556083,0.029003783102143757,0.03782894736842105,0.056451612903225805,0.056338028169014086,0.07342657342657342,0.0881057268722467,0.11377245508982037,0.13157894736842105,0.12258064516129033,0.11188811188811189,0.1702127659574468,0.24657534246575344,0.2698412698412698,0.23376623376623376,0.34146341463414637,0.4166666666666667
21,0.022580645161290325,0.030136986301369864,0.04074074074074074,0.05793450881612091,0.056657223796034,0.07894736842105264,0.07722007722007722,0.11875000000000001,0.12666666666666668,0.17924528301886794,0.15833333333333333,0.15463917525773196,0.24358974358974356,0.3064516129032258,0.32727272727272727,0.4,0.42857142857142855
22,0.031161473087818695,0.02699530516431925,0.04426559356136821,0.048625792811839326,0.06624605678233439,0.07534246575342465,0.08368200836820085,0.07723577235772358,0.10112359550561797,0.12903225806451613,0.1484375,0.15463917525773196,0.22857142857142856,0.19047619047619047,0.3148148148148148,0.31578947368421056,0.3695652173913043
23,0.02338530066815145,0.029525032092426188,0.0363349131121643,0.04487179487179487,0.04975124378109452,0.06999999999999999,0.07317073170731708,0.10101010101010101,0.14084507042253522,0.15748031496062992,0.14285714285714285,0.2125,0.24675324675324678,0.22535211267605634,0.2931034482758621,0.3846153846153846,0.3846153846153846
24,0.016357688113413305,0.037037037037037035,0.034482758620689655,0.04602510460251046,0.058666666666666666,0.07380073800738007,0.07744107744107745,0.0995260663507109,0.09049773755656108,0.13740458015267176,0.17117117117117117,0.20481927710843373,0.19047619047619047,0.32,0.3269230769230769,0.28888888888888886,0.4444444444444444
25,0.03185595567867036,0.023758099352051833,0.04288499025341131,0.04487179487179487,0.0626865671641791,0.0912863070539419,0.07539682539682539,0.0966183574879227,0.09770114942528736,0.12582781456953643,0.15702479338842976,0.23529411764705882,0.2168674698795181,0.2456140350877193,0.3076923076923077,0.34210526315789475,0.3333333333333333
26,0.02159090909090909,0.030513176144244106,0.05398457583547557,0.04670912951167728,0.0707395498392283,0.06687898089171974,0.078125,0.10869565217391305,0.13194444444444445,0.11594202898550725,0.15447154471544716,0.14529914529914528,0.25757575757575757,0.27027027027027023,0.3035714285714286,0.42424242424242425,0.3191489361702128
27,0.03542673107890499,0.03407407407407407,0.04536082474226804,0.053921568627450976,0.061281337047353765,0.09205020920502092,0.08755760368663595,0.125,0.11560693641618497,0.10326086956521739,0.16379310344827586,0.21348314606741572,0.16999999999999998,0.21794871794871795,0.2931034482758621,0.3617021276595745,0.34090909090909094
28,0.017819706498951784,0.031205673758865248,0.04307116104868914,0.049217002237136466,0.05432098765432099,0.07751937984496124,0.08771929824561403,0.09389671361502347,0.0851063829787234,0.13970588235294118,0.17592592592592593,0.19540229885057472,0.18181818181818182,0.2542372881355932,0.3269230769230769,0.36363636363636365,0.36585365853658536
29,0.02096177558569667,0.025893958076448828,0.035256410256410256,0.050119331742243436,0.05405405405405406,0.06188925081433225,0.08849557522123894,0.0975609756097561,0.13245033112582782,0.1623931623931624,0.16981132075471697,0.14049586776859505,0.27692307692307694,0.2537313432835821,0.2714285714285714,0.2807017543859649,0.35416666666666663
30,0.024858757062146894,0.036605657237936774,0.0363036303630363,0.04183266932270916,0.04149377593360996,0.07407407407407407,0.09502262443438914,0.12751677852348994,0.11242603550295857,0.16666666666666666,0.15254237288135594,0.14414414414414414,0.2222222222222222,0.2463768115942029,0.288135593220339,0.35,0.30434782608695654
31,0.025871766029246346,0.030303030303030304,0.046563192904656325,0.05128205128205128,0.047311827956989246,0.07581227436823106,0.07749077490774907,0.09905660377358491,0.11333333333333333,0.1,0.16161616161616163,0.16999999999999998,0.2112676056338028,0.25862068965517243,0.2962962962962963,0.32499999999999996,0.47058823529411764
32,0.023076923076923075,0.03283582089552239,0.040492957746478875,0.061281337047353765,0.05215419501133787,0.08365019011406843,0.09375,0.09090909090909091,0.08403361344537814,0.1346153846153846,0.19791666666666669,0.19148936170212766,0.25806451612903225,0.30158730158730157,0.29508196721311475,0.34782608695652173,0.5
33,0.023281596452328163,0.03600654664484452,0.038720538720538725,0.04477611940298508,0.05934718100890207,0.06707317073170732,0.09292035398230088,0.0945945945945946,0.12587412587412586,0.1090909090909091,0.1322314049586777,0.20731707317073172,0.2,0.288135593220339,0.23728813559322035,0.34146341463414637,0.4166666666666667
34,0.02795425667090216,0.0343213728549142,0.041501976284584984,0.04700854700854701,0.043859649122807015,0.06790123456790123,0.09499999999999999,0.07777777777777778,0.09550561797752809,0.16260162601626016,0.15789473684210528,0.15748031496062992,0.26153846153846155,0.34545454545454546,0.32075471698113206,0.29508196721311475,0.4
35,0.029294274300932094,0.03318903318903319,0.03903345724907063,0.04508196721311475,0.06086956521739131,0.09502262443438914,0.09313725490196079,0.10194174757281553,0.12582781456953643,0.11688311688311688,0.19047619047619047,0.21978021978021978,0.2125,0.2112676056338028,0.3695652173913043,0.28205128205128205,0.3611111111111111
36,0.03453453453453453,0.025200458190148912,0.04554865424430642,0.066006600660066,0.05722070844686649,0.05817174515235457,0.07196969696969696,0.0860655737704918,0.11920529801324503,0.12101910828025478,0.16666666666666666,0.20253164556962025,0.2236842105263158,0.29508196721311475,0.3148148148148148,0.2777777777777778,0.3783783783783784
37,0.030054644808743168,0.04,0.04129263913824058,0.04592901878914405,0.0711864406779661,0.07432432432432433,0.0923076923076923,0.0979381443298969,0.09947643979057592,0.125,0.1532258064516129,0.2,0.2125,0.23943661971830985,0.26229508196721313,0.425,0.2711864406779661
38,0.026047565118912798,0.028460543337645538,0.048832271762208064,0.043841336116910226,0.06470588235294117,0.05934718100890207,0.075,0.10382513661202186,0.09313725490196079,0.15789473684210528,0.140625,0.19148936170212766,0.265625,0.31578947368421056,0.3137254901960784,0.35714285714285715,0.32608695652173914
39,0.019975031210986267,0.03038309114927345,0.03780068728522337,0.03804347826086957,0.05412371134020619,0.06779661016949153,0.10256410256410256,0.08333333333333333,0.10714285714285714,0.13194444444444445,0.10465116279069768,0.17924528301886794,0.15044247787610618,0.22972972972972974,0.25,0.2857142857142857,0.4375
40,0.023991275899672846,0.032577903682719546,0.03723404255319149,0.043568464730290454,0.0625,0.0711864406779661,0.065625,0.10982658959537572,0.09248554913294797,0.12179487179487178,0.16666666666666666,0.19101123595505617,0.20430107526881722,0.4,0.3023255813953489,0.32499999999999996,0.5862068965517242
41,0.030303030303030304,0.03181818181818182,0.029370629370629366,0.051075268817204304,0.05597964376590331,0.07291666666666667,0.08461538461538462,0.09049773755656108,0.1390728476821192,0.13103448275862067,0.1607142857142857,0.1651376146788991,0.25,0.296875,0.2830188679245283,0.40476190476190477,0.4594594594594595
42,0.025219298245614037,0.03008595988538682,0.04021937842778794,0.05301204819277108,0.06802721088435375,0.07659574468085106,0.09545454545454546,0.09259259259259259,0.12820512820512822,0.14393939393939392,0.13286713286713286,0.1650485436893204,0.21621621621621623,0.24193548387096772,0.3333333333333333,0.34615384615384615,0.4722222222222222
43,0.02125147579693034,0.02987012987012987,0.04251012145748988,0.044000000000000004,0.04950495049504951,0.061946902654867256,0.06333333333333334,0.09375,0.16030534351145037,0.12162162162162163,0.16814159292035397,0.19736842105263158,0.22352941176470587,0.2631578947368421,0.32,0.32653061224489793,0.38235294117647056
44,0.02595936794582393,0.033093525179856115,0.03328509406657019,0.047619047619047616,0.04964539007092199,0.0621301775147929,0.08860759493670886,0.08502024291497975,0.13125,0.1388888888888889,0.1484375,0.15151515151515152,0.1794871794871795,0.3148148148148148,0.2982456140350877,0.4444444444444444,0.35555555555555557
45,0.018028846153846152,0.03672787979966611,0.03427719821162444,0.03672787979966611,0.0558659217877095,0.061488673139158574,0.09734513274336283,0.10614525139664804,0.12328767123287672,0.14492753623188406,0.14393939393939392,0.20652173913043478,0.20731707317073172,0.26666666666666666,0.35416666666666663,0.3090909090909091,0.45454545454545453
46,0.0242024202420242,0.03639240506329114,0.048458149779735685,0.05172413793103449,0.06094182825484764,0.06358381502890173,0.09900990099009901,0.09216589861751152,0.09743589743589744,0.1532258064516129,0.18,0.21176470588235294,0.27272727272727276,0.28125,0.2571428571428572,0.23636363636363636,0.4375
47,0.02157497303128371,0.02595797280593325,0.03754266211604095,0.052995391705069124,0.06285714285714286,0.06557377049180328,0.07518796992481203,0.10606060606060606,0.13970588235294118,0.14788732394366197,0.19047619047619047,0.14529914529914528,0.28125,0.2631578947368421,0.2962962962962963,0.27586206896551724,0.35555555555555557
48,0.03668261562998405,0.03260869565217391,0.03662420382165605,0.04751131221719457,0.06542056074766354,0.06211180124223602,0.0823045267489712,0.1024390243902439,0.1510791366906475,0.18269230769230768,0.22619047619047616,0.16842105263157894,0.26229508196721313,0.25,0.3191489361702128,0.375,0.4594594594594595
49,0.024229074889867842,0.02997275204359673,0.043478260869565216,0.03541315345699832,0.051980198019801985,0.0627062706270627,0.10185185185185185,0.09950248756218905,0.11538461538461539,0.1484375,0.17307692307692307,0.140625,0.2168674698795181,0.22891566265060243,0.3191489361702128,0.3404255319148936,0.43243243243243246
50,0.022919179734620026,0.03106508875739645,0.04554865424430642,0.045454545454545456,0.059322033898305086,0.056818181818181816,0.07142857142857142,0.10106382978723404,0.1122994652406417,0.14074074074074072,0.1223021582733813,0.16037735849056603,0.17894736842105263,0.25757575757575757,0.32,0.3181818181818182,0.32
