runs,-2.5,-2.4,-2.3,-2.2,-2.1,-2.0,-1.9,-1.8,-1.7,-1.6,-1.5,-1.4,-1.3,-1.2,-1.1,-1.0
1,0.14779874213836477,0.1323076923076923,0.15460122699386503,0.1382488479262673,0.12027491408934707,0.10841121495327104,0.10084033613445378,0.08847184986595175,0.07458563535911603,0.07189542483660132,0.043076923076923075,0.03680981595092024,0.020881670533642694,0.014527845036319613,0.007371007371007371,Inf
2,0.1382198952879581,0.14461538461538462,0.13892215568862276,0.1323308270676692,0.11783960720130933,0.12421052631578947,0.10089686098654709,0.09803921568627452,0.07570977917981073,0.07317073170731708,0.03694581280788178,0.04421768707482993,0.029411764705882353,0.01650943396226415,0.0189873417721519,Inf
3,0.13285272914521112,0.13585291113381,0.14163614163614163,0.11962365591397849,0.11848341232227488,0.11462450592885376,0.0962800875273523,0.09020618556701031,0.05263157894736842,0.05513784461152882,0.060836501901140684,0.03823529411764706,0.03474903474903475,0.011804384485666106,0.011428571428571429,0.0015873015873015873
4,0.1526479750778816,0.14359504132231404,0.13494809688581313,0.11363636363636363,0.12376237623762376,0.09822866344605476,0.09663865546218488,0.08684863523573201,0.07714285714285714,0.07526881720430108,0.05947955390334572,0.036619718309859155,0.024793388429752063,0.01907356948228883,0.003316749585406302,0.0015723270440251573
5,0.1366906474820144,0.148380355276907,0.13878562577447334,0.1234567901234568,0.1285714285714286,0.10916179337231968,0.09197651663405088,0.0708502024291498,0.08333333333333333,0.06158357771260997,0.04336043360433604,0.03812316715542522,0.037037037037037035,0.01595744680851064,0.009216589861751152,0.0015174506828528073
6,0.14196891191709846,0.14093264248704662,0.14004629629629628,0.12121212121212122,0.12199312714776632,0.0994671403197158,0.10948905109489052,0.07517084282460137,0.08083832335329341,0.07480314960629922,0.05244755244755245,0.05286343612334801,0.034220532319391636,0.02542372881355932,0.004705882352941176,Inf
7,0.1392931392931393,0.1383975026014568,0.14731585518102372,0.1301775147928994,0.11684370257966617,0.103515625,0.10401891252955082,0.1037463976945245,0.10227272727272727,0.06774193548387096,0.049079754601226995,0.0379746835443038,0.049180327868852465,0.011705685618729096,0.005338078291814947,Inf
8,0.14461538461538462,0.14046121593291405,0.13620071684587814,0.12569060773480661,0.1168,0.1183431952662722,0.07991803278688525,0.10112359550561797,0.0723514211886305,0.06962025316455696,0.04610951008645533,0.030226700251889168,0.0234375,0.013015184381778743,0.004622496147919876,Inf
9,0.149843912591051,0.14492753623188406,0.12751677852348994,0.12035851472471192,0.1088,0.1088560885608856,0.11267605633802817,0.08256880733944955,0.08278145695364239,0.06818181818181819,0.05574912891986063,0.02819956616052061,0.02506963788300836,0.016,0.004823151125401929,Inf
10,0.1441908713692946,0.13891726251276815,0.13254437869822486,0.12789115646258503,0.12014134275618374,0.11029411764705882,0.09355509355509356,0.09401709401709402,0.06956521739130435,0.06624605678233439,0.04664723032069971,0.04633204633204634,0.024523160762942777,0.0070921985815602835,0.007407407407407408,Inf
11,0.13831967213114754,0.13394683026584867,0.14454976303317535,0.13157894736842105,0.12743362831858407,0.12311015118790497,0.10392609699769054,0.0843989769820972,0.08259587020648967,0.07342657342657342,0.0528169014084507,0.036931818181818184,0.024324324324324322,0.02197802197802198,0.007407407407407408,Inf
12,0.13580246913580246,0.14167528438469493,0.12223393045310853,0.12285714285714286,0.12837837837837837,0.10318949343339587,0.10663507109004738,0.08740359897172237,0.08108108108108107,0.06,0.057692307692307696,0.037142857142857144,0.0273972602739726,0.015463917525773195,0.009216589861751152,Inf
13,0.14742268041237114,0.14953271028037382,0.15,0.1301169590643275,0.12173913043478261,0.12691466083150985,0.08958333333333333,0.09390862944162436,0.06862745098039216,0.0625,0.04716981132075472,0.04529616724738676,0.020134228187919465,0.03211009174311927,0.009174311926605505,Inf
14,0.15455475946775846,0.14033264033264034,0.1235356762513312,0.13583815028901733,0.11046511627906977,0.11581291759465479,0.09619686800894854,0.09593023255813954,0.06701030927835051,0.06567164179104477,0.0539568345323741,0.04075235109717868,0.036734693877551024,0.011804384485666106,0.009765625,Inf
15,0.15148413510747186,0.1528925619834711,0.13043478260869565,0.1219839142091153,0.11278195488721804,0.12850467289719625,0.08348794063079777,0.09333333333333334,0.09183673469387754,0.06666666666666667,0.04956268221574344,0.04329004329004329,0.024523160762942777,0.014373716632443531,0.007462686567164179,Inf
16,0.15653964984552007,0.14124872057318322,0.14419695193434937,0.1299093655589124,0.12302284710017575,0.10931899641577061,0.10895883777239711,0.08373205741626794,0.0636604774535809,0.07553956834532374,0.045454545454545456,0.03947368421052632,0.027607361963190184,0.011009174311926606,0.011210762331838564,0.011235955056179775
17,0.14887063655030802,0.14654282765737875,0.13093858632676708,0.1251778093883357,0.11842105263157894,0.11336032388663968,0.10623556581986143,0.1020408163265306,0.08011869436201781,0.06158357771260997,0.03614457831325301,0.045454545454545456,0.024193548387096774,0.013274336283185842,0.008503401360544218,Inf
18,0.1468459152016546,0.14830072090628219,0.15288220551378445,0.12550066755674233,0.12252252252252252,0.10238907849829351,0.10561797752808988,0.09350649350649351,0.10069444444444445,0.07166123778501629,0.06666666666666667,0.04,0.028037383177570097,0.02040816326530612,0.007025761124121779,Inf
19,0.15995872033023736,0.1400617919670443,0.13238770685579196,0.12551159618008184,0.12026359143327842,0.09982486865148861,0.09,0.08705882352941177,0.06613756613756615,0.057401812688821746,0.05454545454545455,0.029925187032418955,0.027522935779816512,0.014492753623188406,0.003937007874015748,Inf
20,0.14979338842975207,0.14654282765737875,0.1344632768361582,0.10340632603406327,0.11312217194570136,0.10332749562171628,0.10538116591928251,0.09798270893371759,0.0712401055408971,0.06734006734006734,0.056140350877192984,0.03076923076923077,0.023076923076923075,0.01818181818181818,0.00791139240506329,0.008771929824561403
21,0.13977389516957864,0.14476386036960984,0.1267605633802817,0.13559322033898305,0.1259259259259259,0.09849749582637729,0.08719851576994433,0.08501118568232661,0.06310679611650485,0.06402439024390244,0.04748603351955307,0.06315789473684211,0.02769230769230769,0.01279317697228145,0.012594458438287152,Inf
22,0.1485655737704918,0.14240506329113925,0.12829324169530357,0.1419656786271451,0.13627992633517497,0.10657193605683837,0.09782608695652174,0.08411214953271028,0.08888888888888889,0.056179775280898875,0.04050632911392405,0.03209876543209877,0.03289473684210526,0.014256619144602852,0.002336448598130841,Inf
23,0.14754098360655737,0.1353001017293998,0.14444444444444443,0.14506172839506173,0.10977443609022555,0.10612244897959183,0.09650924024640657,0.09269662921348315,0.0625,0.06432748538011696,0.04427083333333333,0.035820895522388055,0.027522935779816512,0.01935483870967742,0.007132667617689016,Inf
24,0.13979591836734695,0.13789581205311544,0.1336405529953917,0.13081395348837208,0.12337662337662339,0.1050656660412758,0.09523809523809523,0.09189189189189188,0.08441558441558442,0.06451612903225806,0.040540540540540536,0.034582132564841495,0.022670025188916875,0.024390243902439025,0.008771929824561403,Inf
25,0.12487100103199175,0.12668743509865005,0.13942307692307693,0.11069651741293532,0.09869375907111756,0.10834813499111899,0.09109730848861285,0.09116022099447514,0.08219178082191782,0.061919504643962855,0.05177993527508091,0.04498269896193772,0.0311284046692607,0.017721518987341773,0.006747638326585695,0.006172839506172839
26,0.14591836734693878,0.13905930470347647,0.12282608695652174,0.11940298507462686,0.11333333333333333,0.11023622047244094,0.09690721649484535,0.07741935483870968,0.09963099630996311,0.06687898089171974,0.04132231404958678,0.02927927927927928,0.026865671641791045,0.013729977116704806,0.006510416666666667,Inf
27,0.1431513903192585,0.13463514902363824,0.13048245614035087,0.13587786259541984,0.125,0.1,0.10561797752808988,0.09302325581395349,0.07396449704142012,0.0510204081632653,0.053156146179401995,0.042622950819672135,0.031496062992125984,0.013100436681222708,0.004665629860031104,Inf
28,0.15036045314109164,0.1325678496868476,0.14814814814814814,0.11873350923482849,0.11128526645768026,0.11133200795228627,0.10444444444444444,0.09137055837563451,0.09215017064846417,0.0711864406779661,0.050156739811912224,0.027522935779816512,0.02535211267605634,0.018018018018018018,0.00635593220338983,0.0035842293906810036
29,0.1380020597322348,0.15682062298603652,0.11168032786885246,0.1278295605858855,0.10479041916167665,0.10439560439560439,0.11214953271028039,0.0916030534351145,0.05458089668615984,0.06501547987616099,0.06808510638297872,0.029776674937965257,0.03345724907063197,0.016713091922005572,0.0035460992907801418,Inf
30,0.15432098765432098,0.1441908713692946,0.15155440414507773,0.13284671532846715,0.11077389984825495,0.13133640552995393,0.11594202898550725,0.1020408163265306,0.08653846153846154,0.07777777777777778,0.0599250936329588,0.041237113402061855,0.027950310559006212,0.018276762402088774,0.0081799591002045,0.001941747572815534
31,0.1533678756476684,0.13089005235602094,0.1330166270783848,0.12952646239554316,0.1291390728476821,0.10471204188481674,0.10854503464203233,0.08717948717948718,0.0723514211886305,0.07167235494880546,0.06374501992031872,0.04220779220779221,0.026706231454005937,0.010687022900763359,0.00576036866359447,Inf
32,0.1431513903192585,0.13422131147540983,0.13947990543735223,0.1278735632183908,0.11833333333333335,0.10193321616871705,0.10491071428571429,0.08353221957040573,0.0804953560371517,0.07380073800738007,0.064,0.05138339920948617,0.02662721893491124,0.017766497461928935,0.0057034220532319385,Inf
33,0.13991769547325103,0.13138686131386862,0.13392857142857142,0.12129380053908358,0.10982658959537572,0.10126582278481013,0.09195402298850575,0.10443037974683544,0.08,0.059659090909090905,0.050955414012738856,0.049429657794676805,0.037037037037037035,0.018229166666666668,0.006793478260869566,Inf
34,0.13697219361483007,0.14636642784032752,0.12441860465116278,0.12700729927007298,0.1285475792988314,0.11133603238866396,0.12082262210796915,0.10682492581602375,0.07761194029850746,0.05949008498583569,0.0436046511627907,0.05357142857142857,0.03296703296703297,0.01977401129943503,0.011560693641618497,Inf
35,0.1510791366906475,0.14853556485355648,0.14987405541561713,0.1372854914196568,0.10950080515297907,0.10392156862745099,0.10679611650485438,0.07478632478632478,0.08626198083067092,0.075,0.04746835443037975,0.06153846153846154,0.02768166089965398,0.010526315789473684,0.009380863039399626,Inf
36,0.14959016393442623,0.127420998980632,0.11282051282051282,0.12685560053981107,0.13333333333333333,0.10357815442561205,0.08818011257035648,0.096,0.06532663316582914,0.0641399416909621,0.04050632911392405,0.03519061583577712,0.032490974729241874,0.006864988558352403,0.0012690355329949238,Inf
37,0.1558974358974359,0.14122533748701974,0.1261061946902655,0.12059620596205962,0.11400651465798045,0.11422845691382766,0.10550458715596331,0.08801955990220049,0.08284023668639054,0.0626865671641791,0.04984423676012461,0.05179282868525897,0.031578947368421054,0.021538461538461538,0.00727802037845706,Inf
38,0.1523517382413088,0.1286008230452675,0.1367713004484305,0.1279761904761905,0.1245791245791246,0.09880749574105621,0.09143968871595332,0.096045197740113,0.06698564593301436,0.06840390879478828,0.042666666666666665,0.0393939393939394,0.02359882005899705,0.016304347826086956,0.01020408163265306,Inf
39,0.14974358974358973,0.14978902953586498,0.1442786069651741,0.1157760814249364,0.12542372881355932,0.0967741935483871,0.09594882729211088,0.10294117647058824,0.09252669039145907,0.059139784946236555,0.0453257790368272,0.055045871559633024,0.028268551236749116,0.015748031496062992,0.005657708628005658,Inf
40,0.1601642710472279,0.1477627471383975,0.1298405466970387,0.12021136063408189,0.1157556270096463,0.1155378486055777,0.10195227765726682,0.09045226130653267,0.08823529411764705,0.07664233576642336,0.06181818181818182,0.03947368421052632,0.0423728813559322,0.01195219123505976,0.00657030223390276,Inf
41,0.14959016393442623,0.1323529411764706,0.14425427872860636,0.1323943661971831,0.11764705882352941,0.1209016393442623,0.10021321961620469,0.09022556390977443,0.072,0.06122448979591837,0.051194539249146756,0.0510948905109489,0.03319502074688797,0.013725490196078431,0.0024937655860349127,Inf
42,0.15123456790123457,0.15732758620689655,0.14129110840438489,0.12108843537414966,0.11696869851729819,0.09154929577464789,0.0891304347826087,0.09390862944162436,0.07917888563049853,0.0544959128065395,0.05182926829268293,0.03642384105960265,0.024615384615384615,0.024390243902439025,0.007633587786259542,Inf
43,0.14506172839506173,0.150460593654043,0.125,0.12724550898203593,0.12216404886561956,0.12016293279022404,0.09421841541755889,0.08505154639175258,0.058568329718004346,0.05949008498583569,0.0449438202247191,0.039634146341463415,0.027173913043478264,0.013307984790874526,0.008298755186721992,Inf
44,0.15345005149330587,0.13842975206611569,0.12411347517730496,0.12571428571428572,0.12046204620462046,0.10694183864915573,0.10779816513761468,0.10574018126888217,0.0929368029739777,0.0547945205479452,0.05194805194805195,0.04482758620689655,0.026706231454005937,0.023255813953488372,0.00909090909090909,Inf
45,0.1510791366906475,0.1331945889698231,0.1401197604790419,0.11914323962516732,0.10736196319018404,0.1020408163265306,0.09750566893424036,0.08219178082191782,0.06619385342789598,0.05037783375314861,0.06048387096774193,0.04225352112676056,0.03829787234042553,0.019169329073482427,0.011627906976744186,Inf
46,0.14404145077720207,0.13817809621289662,0.12541620421753608,0.12976022566995768,0.10819165378670789,0.10606060606060606,0.1024498886414254,0.09792284866468842,0.07417582417582418,0.049868766404199474,0.04610951008645533,0.042704626334519574,0.0313588850174216,0.009009009009009009,0.004531722054380665,Inf
47,0.15051546391752577,0.14271047227926079,0.1384083044982699,0.15121951219512195,0.12025316455696203,0.12631578947368421,0.09777777777777778,0.07099391480730223,0.05793991416309013,0.054862842892768084,0.0392156862745098,0.034682080924855495,0.03272727272727272,0.016,0.003886010362694301,0.0013698630136986301
48,0.1598360655737705,0.14634146341463417,0.13503649635036497,0.13777777777777778,0.11384615384615385,0.10428305400372441,0.09535452322738386,0.09941520467836258,0.05894736842105263,0.06389776357827476,0.046296296296296294,0.027210884353741496,0.023017902813299233,0.016574585635359115,0.004016064257028112,0.0014947683109118087
49,0.15762538382804503,0.14666666666666667,0.13454960091220067,0.13161659513590845,0.12701252236135957,0.1063063063063063,0.10375275938189846,0.09972299168975068,0.06451612903225806,0.0625,0.0431266846361186,0.028953229398663696,0.03137254901960784,0.019886363636363636,0.00554016620498615,Inf
50,0.14476386036960984,0.13569937369519833,0.1298405466970387,0.11717709720372838,0.11682242990654206,0.11133603238866396,0.09316770186335405,0.08515815085158152,0.07817589576547232,0.06583072100313479,0.043731778425655975,0.036923076923076927,0.026490066225165563,0.013953488372093023,0.007434944237918215,Inf
