range,-3.0,-2.9,-2.8,-2.7,-2.6,-2.5,-2.4,-2.3,-2.2,-2.1,-2.0,-1.9,-1.8,-1.7,-1.6,-1.5
0.0,743.2866666666666,596.06,479.4266666666667,386.94666666666666,311.9066666666667,249.98666666666668,202.03333333333333,163.50666666666666,131.40666666666667,107.11333333333333,87.47333333333333,70.15333333333334,55.846666666666664,44.78666666666667,36.28,28.753333333333334
-0.05,836.7866666666666,669.1533333333333,543.54,434.0733333333333,350.3066666666667,284.82,230.51333333333332,184.54666666666665,148.02666666666667,122.14666666666666,97.63333333333334,80.40666666666667,65.77333333333333,51.28666666666667,42.766666666666666,34.32
-0.1,933.0,756.1066666666667,604.3266666666667,488.6533333333333,391.86,320.44,261.0,210.42,168.24,139.24,112.37333333333333,91.97333333333333,73.66666666666667,60.913333333333334,50.4,39.34
-0.15,1056.1533333333334,847.1533333333333,685.0733333333334,552.9333333333333,443.62666666666667,361.18666666666667,293.34,236.89333333333335,192.00666666666666,158.92666666666668,127.77333333333333,105.78666666666666,84.78,70.16666666666667,56.99333333333333,45.70666666666666
-0.2,1184.6866666666667,947.8266666666667,765.8666666666667,619.6,499.7866666666667,408.84,332.53333333333336,271.08666666666664,216.3,178.66666666666666,147.06666666666666,118.87333333333333,97.62666666666667,81.34,66.0,54.4
-0.25,1327.1133333333332,1077.34,863.9333333333333,699.96,562.8866666666667,458.1,374.32666666666665,307.3933333333333,245.2,200.71333333333334,166.77333333333334,137.64666666666668,113.26,93.08666666666667,76.7,62.406666666666666
-0.3,1505.5933333333332,1204.0666666666666,971.38,782.3933333333333,639.8333333333334,519.3933333333333,423.06666666666666,343.44666666666666,277.38666666666666,231.91333333333333,189.34666666666666,161.02666666666667,129.76,106.18,90.1,74.42666666666666
-0.35,1680.64,1354.4666666666667,1090.7,883.46,717.0133333333333,584.86,475.6666666666667,387.6533333333333,318.64,263.2266666666667,220.35333333333332,183.42666666666668,148.94666666666666,126.74,105.51333333333334,89.22
-0.4,1886.0133333333333,1517.6666666666667,1230.2066666666667,1007.02,809.3933333333333,661.9933333333333,538.52,444.66,357.88,300.4,248.62666666666667,210.48666666666668,170.91333333333333,143.14666666666668,121.24666666666667,102.93333333333334
-0.45,2116.346666666667,1715.48,1390.5933333333332,1124.9466666666667,918.04,751.5266666666666,611.9933333333333,500.52666666666664,411.58666666666664,340.32666666666665,282.14666666666665,236.98666666666668,199.72,166.82666666666665,140.6,122.4
-0.5,2376.5666666666666,1909.5333333333333,1563.92,1264.34,1022.98,828.9466666666667,691.2533333333333,574.1466666666666,465.26666666666665,385.94666666666666,321.64,272.18666666666667,229.94,192.0,166.23333333333332,143.88666666666666
-0.55,2681.2066666666665,2155.98,1739.6466666666668,1431.62,1163.38,943.6,783.1466666666666,639.2733333333333,534.4133333333333,438.56666666666666,376.76,312.1666666666667,258.9533333333333,220.00666666666666,194.08666666666667,170.12
-0.6,2999.8733333333334,2436.2266666666665,1950.7866666666666,1604.94,1301.36,1073.3,879.5933333333334,722.6266666666667,602.7066666666667,495.06666666666666,422.37333333333333,355.26,292.11333333333334,258.88666666666666,233.75333333333333,194.54666666666665
-0.65,3375.0266666666666,2729.58,2223.5133333333333,1792.9133333333334,1475.6133333333332,1211.8,989.6533333333333,821.4866666666667,677.46,576.3933333333333,486.5933333333333,411.92,342.56,299.8333333333333,266.88666666666666,228.67333333333335
-0.7,3762.9933333333333,3054.5933333333332,2472.18,2029.2933333333333,1655.9733333333334,1361.5933333333332,1119.3466666666666,924.2933333333333,773.12,649.3866666666667,557.2733333333333,469.0466666666667,392.32666666666665,349.00666666666666,297.8333333333333,271.29333333333335
-0.75,4247.106666666667,3429.233333333333,2798.3133333333335,2265.5933333333332,1854.2666666666667,1532.4733333333334,1274.5733333333333,1064.6333333333334,866.8266666666667,740.1733333333333,624.64,538.5266666666666,454.5466666666667,395.25333333333333,366.86,322.52
-0.8,4744.993333333333,3870.52,3146.733333333333,2559.1666666666665,2093.0866666666666,1733.4533333333334,1430.22,1194.5133333333333,990.8733333333333,838.62,715.5733333333334,619.68,539.4733333333334,462.4,432.56666666666666,380.58
-0.85,5336.526666666667,4338.426666666666,3537.0333333333333,2895.54,2346.98,1944.6133333333332,1613.0,1360.5333333333333,1114.2,963.0133333333333,819.8733333333333,704.06,605.46,545.16,482.62666666666667,452.7
-0.9,5978.973333333333,4825.746666666667,3969.1266666666666,3257.4066666666668,2657.0133333333333,2201.826666666667,1811.5266666666666,1533.58,1273.1666666666667,1104.9533333333334,922.26,812.0,703.2466666666667,625.0133333333333,584.0066666666667,534.76
-0.95,6709.106666666667,5459.446666666667,4446.846666666666,3657.3933333333334,2987.4533333333334,2508.633333333333,2061.26,1727.0,1446.6866666666667,1215.1733333333334,1070.4666666666667,934.08,797.92,727.8933333333333,666.6733333333333,650.36
-1.0,7547.413333333333,6097.56,4969.6866666666665,4089.826666666667,3402.0933333333332,2794.3133333333335,2342.7,1938.7533333333333,1637.8733333333332,1393.7933333333333,1216.3333333333333,1078.0,947.7666666666667,848.7533333333333,796.5666666666667,746.3733333333333
