runs,0.1,0.15,0.2,0.25,0.3,0.35,0.4,0.45,0.5,0.55,0.6
1,0.14218009478672985,0.13316582914572864,0.1377459749552773,0.13472222222222222,0.13662456946039037,0.13782051282051283,0.13926701570680627,0.14196891191709846,0.1330603889457523,0.1313340227507756,0.1415289256198347
2,0.14754098360655737,0.12679425837320574,0.1288659793814433,0.139568345323741,0.13805104408352667,0.12357217030114227,0.131551901336074,0.13729508196721313,0.12959183673469388,0.13580246913580246,0.12693498452012383
3,0.1325301204819277,0.12839506172839507,0.13962264150943396,0.12429378531073447,0.1343784994400896,0.12993762993762994,0.12397540983606557,0.1309278350515464,0.11770833333333332,0.13803680981595093,0.1419753086419753
4,0.14225941422594143,0.13054830287206265,0.1352739726027397,0.14842578710644677,0.14002478314745972,0.13312693498452013,0.13029661016949154,0.12966804979253113,0.1218014329580348,0.1509240246406571,0.14271047227926079
5,0.11940298507462686,0.14986376021798364,0.12157534246575342,0.14094955489614244,0.1471747700394218,0.1297631307929969,0.11975435005117707,0.13168724279835392,0.14138286893704852,0.1290650406504065,0.13729508196721313
6,0.12669683257918551,0.13647642679900746,0.12743362831858407,0.14037626628075253,0.12906846240179573,0.14151925078043703,0.13960703205791106,0.13423517169614985,0.13271604938271606,0.13016528925619833,0.12693498452012383
7,0.1380952380952381,0.14016172506738545,0.12761904761904763,0.1267605633802817,0.12972972972972974,0.13209494324045407,0.12820512820512822,0.13029989658738367,0.14270941054808686,0.12358393408856848,0.13451511991657977
8,0.12,0.12751677852348994,0.13837638376383765,0.13544668587896252,0.12608695652173912,0.13507853403141362,0.14799588900308325,0.13029989658738367,0.1388888888888889,0.12659574468085105,0.1323076923076923
9,0.12831858407079647,0.12587412587412586,0.13894324853228962,0.14022662889518414,0.1273957158962796,0.12461695607763022,0.1422680412371134,0.1266735324407827,0.130879345603272,0.13141683778234087,0.1362704918032787
10,0.14285714285714285,0.12941176470588234,0.144,0.13389121338912133,0.12117903930131005,0.13814432989690723,0.1534446764091858,0.14093264248704662,0.13217213114754098,0.13079299691040167,0.13580246913580246
11,0.1380952380952381,0.12919896640826872,0.13089005235602094,0.12872628726287264,0.13872135102533173,0.13312693498452013,0.1291322314049587,0.13025641025641027,0.13375130616509928,0.13860369609856263,0.13291796469366562
12,0.13877551020408163,0.13286713286713286,0.15,0.12994350282485875,0.14705882352941177,0.12486992715920917,0.13513513513513511,0.13561076604554864,0.12448559670781892,0.13477366255144033,0.1463917525773196
13,0.12087912087912087,0.14921465968586387,0.13604240282685512,0.14413075780089152,0.1289237668161435,0.12295081967213116,0.13510747185261004,0.1281779661016949,0.12139917695473251,0.13707165109034267,0.13125
14,0.11458333333333334,0.14206128133704735,0.13636363636363638,0.12125162972620598,0.1411042944785276,0.1437435367114788,0.12873326467559218,0.14504596527068436,0.13796680497925312,0.13003095975232198,0.12759336099585064
15,0.1398305084745763,0.1388888888888889,0.14051094890510948,0.14890510948905109,0.12773302646720366,0.13580246913580246,0.13803680981595093,0.1415289256198347,0.125,0.1317671092951992,0.13761467889908258
16,0.11827956989247311,0.11015118790496761,0.143646408839779,0.14427157001414426,0.13392857142857142,0.1280167890870934,0.13012295081967212,0.13920163766632548,0.14609053497942387,0.14659685863874347,0.1368312757201646
17,0.1473684210526316,0.14473684210526316,0.1367837338262477,0.13828238719068414,0.1267454350161117,0.1282316442605998,0.13163265306122449,0.13319672131147542,0.1411764705882353,0.13168724279835392,0.14271151885830785
18,0.13304721030042918,0.135,0.13298791018998274,0.1332398316970547,0.13597033374536466,0.13449691991786447,0.13039014373716634,0.13789581205311544,0.13566289825282632,0.13739669421487602,0.13552361396303902
19,0.14403292181069957,0.15229885057471262,0.13940520446096655,0.12262958280657396,0.12662721893491125,0.12732919254658384,0.1353305785123967,0.13991769547325103,0.1309278350515464,0.12704918032786885,0.1331945889698231
20,0.11355311355311355,0.13316582914572864,0.13873873873873874,0.13430851063829788,0.14398943196829592,0.12939958592132506,0.1291322314049587,0.131551901336074,0.13547052740434332,0.1293634496919918,0.1358921161825726
21,0.14285714285714285,0.1420911528150134,0.12631578947368421,0.13487738419618528,0.14617486338797814,0.1349124613800206,0.14476386036960984,0.12883435582822086,0.13271604938271606,0.11740473738414005,0.13550420168067226
22,0.13636363636363638,0.13819095477386933,0.1386861313868613,0.14223512336719885,0.14877102199223805,0.13771839671120245,0.14742268041237114,0.14078674948240166,0.13857290589451912,0.14360587002096437,0.1402061855670103
23,0.15639810426540285,0.14066496163682865,0.13103448275862067,0.12722298221614226,0.12780269058295965,0.12923076923076923,0.13141683778234087,0.12306101344364014,0.13811007268951195,0.13561076604554864,0.1400617919670443
24,0.14979757085020243,0.14058355437665782,0.15134099616858238,0.12311901504787963,0.1414141414141414,0.1475054229934924,0.1286008230452675,0.12102564102564102,0.13457556935817805,0.13394683026584867,0.13846153846153847
25,0.14691943127962084,0.13930348258706468,0.13240418118466898,0.12607449856733524,0.13118527042577677,0.14594594594594595,0.1446280991735537,0.12985685071574643,0.13354037267080746,0.13467656415694593,0.1308411214953271
26,0.11564625850340136,0.14285714285714285,0.1261101243339254,0.1435257410296412,0.13381995133819952,0.14420062695924765,0.13347022587268995,0.1330603889457523,0.1350515463917526,0.1197110423116615,0.12409513960703206
27,0.13008130081300814,0.13720316622691292,0.1322751322751323,0.12763157894736843,0.1197110423116615,0.13394683026584867,0.14167528438469493,0.14212152420185376,0.13319672131147542,0.11825726141078838,0.14227226202661208
28,0.1485148514851485,0.11062906724511931,0.138996138996139,0.1307277628032345,0.1335578002244669,0.12525879917184266,0.13664596273291926,0.14621676891615543,0.1117948717948718,0.13550420168067226,0.14330218068535824
29,0.1313559322033898,0.1217183770883055,0.14285714285714285,0.13458755426917512,0.13370786516853933,0.13056994818652848,0.1393188854489164,0.13613101330603888,0.14388489208633093,0.13664596273291926,0.12794268167860798
30,0.15486725663716813,0.13350785340314136,0.12798634812286688,0.13566433566433567,0.12619300106044537,0.13874614594039056,0.13828689370485037,0.14182194616977226,0.13860369609856263,0.12448559670781892,0.11704312114989734
31,0.12075471698113208,0.14171122994652408,0.1332116788321168,0.13843888070692192,0.14527845036319612,0.13688610240334378,0.12295081967213116,0.13701431492842536,0.1331945889698231,0.13141683778234087,0.14521112255406798
32,0.12704918032786885,0.11627906976744186,0.11700468018720749,0.14243759177679882,0.14180929095354522,0.1415289256198347,0.14196891191709846,0.14138286893704852,0.13278008298755187,0.13828689370485037,0.12448559670781892
33,0.15217391304347827,0.12944162436548223,0.11971830985915492,0.12927191679049035,0.13333333333333333,0.14211076280041796,0.14182194616977226,0.13692946058091288,0.14124872057318322,0.15010351966873706,0.12759336099585064
34,0.1306122448979592,0.13930348258706468,0.1383177570093458,0.14176829268292682,0.14285714285714285,0.11897435897435898,0.14300411522633744,0.13065843621399179,0.147119341563786,0.1393188854489164,0.1473899692937564
35,0.13157894736842105,0.14666666666666667,0.12786259541984732,0.13031161473087818,0.1285551763367463,0.13025641025641027,0.1310272536687631,0.13857290589451912,0.14803312629399587,0.12770339855818744,0.14035087719298245
36,0.113013698630137,0.12893982808022922,0.13916500994035785,0.12765957446808512,0.14035087719298245,0.13917525773195877,0.13106295149638802,0.14609053497942387,0.12409513960703206,0.13831967213114754,0.13174273858921162
37,0.15,0.12641083521444696,0.14417744916820702,0.14098837209302326,0.1445929526123937,0.12268041237113403,0.1422680412371134,0.12396694214876033,0.11582213029989659,0.13871635610766045,0.14678899082568808
38,0.12765957446808512,0.12280701754385966,0.13690476190476192,0.13369713506139153,0.14232673267326731,0.12242798353909466,0.13715455475946775,0.13636363636363638,0.12706611570247933,0.1187308085977482,0.1419753086419753
39,0.14893617021276595,0.13076923076923078,0.1169036334913112,0.1400304414003044,0.13942307692307693,0.13347685683530677,0.13831967213114754,0.13319672131147542,0.1408016443987667,0.13298969072164948,0.15257731958762885
40,0.14563106796116507,0.13636363636363638,0.15221579961464354,0.12406576980568011,0.14356435643564355,0.14096016343207354,0.13141683778234087,0.12972420837589377,0.13463514902363824,0.11987704918032786,0.12783505154639177
41,0.13025210084033612,0.12206572769953053,0.11794019933554817,0.13210445468509985,0.1444866920152091,0.13826366559485528,0.1375387797311272,0.13831967213114754,0.13463514902363824,0.12435765673175744,0.12628336755646816
42,0.124,0.15339233038348082,0.13345195729537368,0.14402618657937807,0.13407134071340712,0.1288659793814433,0.12706611570247933,0.13496932515337423,0.1287958115183246,0.13477366255144033,0.1368312757201646
43,0.13675213675213677,0.1227621483375959,0.13577981651376148,0.1335149863760218,0.12582781456953643,0.13408393039918115,0.12130801687763712,0.1462409886714727,0.1351636747624076,0.1297631307929969,0.12255406797116376
44,0.12096774193548386,0.13131313131313133,0.14154411764705882,0.11748998664886515,0.1318082788671024,0.13174273858921162,0.15020576131687244,0.11635220125786164,0.14405010438413363,0.12421711899791232,0.14049586776859505
45,0.13229571984435798,0.14525139664804468,0.12956204379562042,0.13676470588235295,0.13780918727915195,0.13825363825363826,0.1337448559670782,0.12870275791624106,0.12614445574771108,0.12744090441932168,0.158004158004158
46,0.1446280991735537,0.13447432762836187,0.12062937062937064,0.1444805194805195,0.13317757009345793,0.1313340227507756,0.12282497441146366,0.1358921161825726,0.13403141361256546,0.14241486068111456,0.1366982124079916
47,0.14349775784753363,0.144702842377261,0.13432835820895522,0.13430656934306567,0.13611416026344678,0.13903743315508021,0.14387755102040817,0.11917098445595854,0.130879345603272,0.13743589743589743,0.12627291242362526
48,0.13580246913580246,0.12527964205816555,0.14766355140186915,0.12947658402203857,0.14492753623188406,0.13119834710743802,0.14167528438469493,0.1522633744855967,0.12121212121212122,0.13326446280991736,0.14091858037578286
49,0.12274368231046932,0.13170731707317074,0.13575525812619502,0.13061797752808987,0.13403263403263405,0.1416490486257928,0.14124872057318322,0.14060860440713535,0.12949640287769784,0.125,0.13257965056526208
50,0.13991769547325103,0.1386861313868613,0.13518518518518519,0.14053254437869822,0.14303030303030304,0.12759336099585064,0.12899896800825594,0.12833675564681726,0.14124872057318322,0.12870275791624106,0.13519091847265222
