runs,-3.0,-2.9,-2.8,-2.7,-2.6,-2.5,-2.4,-2.3,-2.2,-2.1,-2.0,-1.9,-1.8,-1.7,-1.6,-1.5
1,0.12668743509865005,0.13527575442247658,0.14285714285714285,0.14733542319749215,0.12460401267159452,0.1189245087900724,0.11490683229813664,0.10051813471502591,0.09965635738831614,0.0988446726572529,0.08651026392961877,0.07547169811320754,0.0663176265270506,0.056640625,0.04554865424430642,0.032467532467532464
2,0.13555787278415016,0.14014752370916755,0.13415892672858618,0.1132852729145211,0.11363636363636363,0.1202928870292887,0.11204188481675391,0.11428571428571428,0.11407766990291263,0.08902439024390243,0.08165997322623829,0.07132667617689016,0.07252747252747253,0.0611353711790393,0.06301369863013699,0.03054989816700611
3,0.1256544502617801,0.13182286302780638,0.1279916753381894,0.12949640287769784,0.11704312114989734,0.12167689161554193,0.11215932914046123,0.11443298969072165,0.11059907834101383,0.0897908979089791,0.1020408163265306,0.07807308970099669,0.0855106888361045,0.05940594059405941,0.05774278215223098,0.046012269938650305
4,0.15479876160990713,0.13499480789200416,0.13786008230452676,0.12736842105263158,0.12643678160919541,0.11237113402061856,0.11716341212744091,0.1111111111111111,0.09801876955161626,0.09701492537313432,0.09354838709677418,0.08080808080808081,0.07592190889370933,0.06649616368286446,0.042826552462526764,0.047058823529411764
5,0.1457233368532207,0.13575129533678756,0.14641744548286606,0.12757201646090535,0.1266735324407827,0.11987704918032786,0.1261730969760167,0.10405827263267431,0.10864485981308411,0.08848484848484849,0.09064327485380116,0.08261617900172118,0.0592948717948718,0.07356948228882833,0.04453441295546559,0.034934497816593885
6,0.13717277486910995,0.14241486068111456,0.1343915343915344,0.12526096033402923,0.12332990750256939,0.13541666666666666,0.11727078891257996,0.11260330578512397,0.09394572025052192,0.08628841607565012,0.08695652173913043,0.07355242566510171,0.0867579908675799,0.057494866529774126,0.046620046620046623,0.038461538461538464
7,0.1483402489626556,0.12434691745036573,0.13917525773195877,0.11606217616580311,0.13340227507755947,0.12295081967213116,0.11342351716961498,0.11237113402061856,0.1059751972942503,0.09897172236503857,0.09547738693467338,0.07922535211267606,0.072,0.05567010309278351,0.056847545219638244,0.031135531135531136
8,0.13917525773195877,0.14211076280041796,0.1308411214953271,0.1360824742268041,0.11995863495346432,0.11307053941908715,0.11649484536082474,0.10520722635494155,0.10192525481313702,0.09261576971214018,0.09104938271604938,0.08421052631578947,0.0667870036101083,0.06073752711496746,0.04554865424430642,0.03162055335968379
9,0.15242018537590113,0.13854166666666667,0.1286008230452675,0.13263157894736843,0.1336116910229645,0.12654320987654322,0.11122881355932203,0.10062240663900415,0.10697674418604651,0.08878504672897196,0.08902077151335312,0.06524822695035461,0.06335616438356165,0.06542056074766354,0.05555555555555555,0.04197530864197531
10,0.14241486068111456,0.13711340206185568,0.13626834381551364,0.13111342351716962,0.12383900928792571,0.12291666666666667,0.12736842105263158,0.11506276150627615,0.10091743119266056,0.09283819628647214,0.08733624454148473,0.08221797323135754,0.06990291262135923,0.05857740585774058,0.046563192904656325,0.05246913580246914
11,0.15794979079497906,0.13168724279835392,0.11909650924024641,0.12748171368861025,0.12474012474012473,0.11307053941908715,0.10669456066945607,0.11006289308176101,0.09920182440136831,0.09440993788819875,0.07209302325581396,0.08188153310104529,0.06529850746268656,0.04891304347826087,0.04895104895104895,0.036281179138321996
12,0.14609053497942387,0.14120126448893572,0.12205128205128206,0.12331606217616581,0.11437565582371458,0.11819116135662898,0.10031023784901758,0.10629514963880288,0.10457516339869281,0.09351620947630923,0.0978441127694859,0.0777027027027027,0.06728971962616823,0.059829059829059825,0.05238095238095238,0.03497942386831276
13,0.12846865364850976,0.12846865364850976,0.12187500000000001,0.1202928870292887,0.12774869109947642,0.1231732776617954,0.11458333333333334,0.12050739957716702,0.1111111111111111,0.09759358288770054,0.08157524613220815,0.07532051282051282,0.07056451612903226,0.05555555555555555,0.05,0.05460750853242321
14,0.13975155279503104,0.13415892672858618,0.12538540596094552,0.14049586776859505,0.1223021582733813,0.11630321910695741,0.11157024793388429,0.10813594232749743,0.09810479375696766,0.09011264080100126,0.07116104868913858,0.07321131447587355,0.07279693486590039,0.06436781609195402,0.0411522633744856,0.029940119760479042
15,0.140625,0.1337448559670782,0.12966804979253113,0.1415289256198347,0.12448979591836735,0.11099585062240665,0.12114989733059547,0.11202466598150052,0.10568181818181818,0.10040705563093623,0.0850480109739369,0.08177172061328791,0.06563706563706564,0.05485232067510549,0.048351648351648346,0.0440771349862259
16,0.1474558670820353,0.12461380020597324,0.13900414937759337,0.13029989658738367,0.131551901336074,0.1173416407061267,0.11401673640167365,0.10429447852760737,0.11045130641330166,0.10182767624020887,0.08728943338437978,0.08163265306122448,0.06818181818181819,0.06382978723404256,0.055401662049861494,0.04092071611253197
17,0.1518595041322314,0.13903192584963955,0.1366906474820144,0.11921891058581707,0.12332990750256939,0.12906610703043023,0.1259029927760578,0.10030706243602866,0.10495283018867925,0.09986859395532194,0.08321579689703808,0.08407871198568873,0.06701940035273368,0.06407322654462243,0.05517241379310345,0.03980099502487562
18,0.1366906474820144,0.12654320987654322,0.1415289256198347,0.12695109261186266,0.12367864693446089,0.11825726141078838,0.10607621009268796,0.10995850622406639,0.09691160809371671,0.0885478158205431,0.08467153284671533,0.065625,0.07586206896551724,0.06196581196581197,0.035830618892508145,0.03397027600849257
19,0.13236814891416754,0.13423517169614985,0.13622291021671826,0.13513513513513511,0.13056994818652848,0.1218487394957983,0.11295336787564765,0.11384615384615385,0.11070559610705596,0.10570236439499305,0.0899854862119013,0.07236842105263158,0.07415730337078652,0.04844290657439446,0.07006369426751592,0.03361344537815126
20,0.10692464358452138,0.12074303405572755,0.13477366255144033,0.13043478260869565,0.1182466870540265,0.12139917695473251,0.121900826446281,0.10515463917525773,0.10281385281385282,0.09245742092457421,0.08100558659217877,0.07394957983193277,0.06451612903225806,0.05543237250554324,0.04421052631578947,0.03658536585365854
21,0.15113871635610765,0.13182286302780638,0.14360041623309053,0.11813471502590672,0.11020408163265305,0.11661506707946337,0.11546391752577319,0.10996916752312436,0.10199789695057833,0.08731082654249127,0.08442503639010189,0.08103448275862069,0.06593406593406594,0.06164383561643836,0.05675675675675675,0.03512396694214876
22,0.13650465356773525,0.1462655601659751,0.13333333333333333,0.12943632567849686,0.11795961742826781,0.13034410844629823,0.12251308900523561,0.09781477627471384,0.09803921568627452,0.10511363636363635,0.08358208955223881,0.0726698262243286,0.06629834254143646,0.06313131313131314,0.04554865424430642,0.03773584905660377
23,0.13711340206185568,0.1383975026014568,0.12719751809720786,0.12448559670781892,0.12435765673175744,0.12383900928792571,0.12293388429752067,0.10822060353798127,0.10602409638554217,0.09737827715355804,0.09763779527559055,0.07597173144876325,0.057003257328990226,0.0483005366726297,0.03893805309734513,0.036613272311212815
24,0.14227226202661208,0.14506172839506173,0.1322140608604407,0.12242798353909466,0.130879345603272,0.12174817898022894,0.10827374872318692,0.10092687950566427,0.09697601668404587,0.09001233045622688,0.08160442600276625,0.07096774193548387,0.06293706293706293,0.06318082788671024,0.04932735426008968,0.0431266846361186
25,0.1408016443987667,0.14166666666666666,0.1316062176165803,0.14979338842975207,0.13209494324045407,0.11419753086419754,0.11649484536082474,0.10042283298097252,0.10201793721973093,0.09382716049382717,0.08092485549132948,0.07679180887372014,0.05538461538461538,0.055445544554455446,0.04338394793926247,0.0321285140562249
26,0.13305613305613306,0.14461538461538462,0.12563840653728295,0.13538461538461538,0.1400414937759336,0.12306101344364014,0.12004175365344466,0.10961737331954499,0.10449438202247191,0.08610792192881746,0.0824891461649783,0.07207207207207207,0.0694980694980695,0.049713193116634795,0.035830618892508145,0.038636363636363635
27,0.14554973821989528,0.14241164241164242,0.13333333333333333,0.129979035639413,0.1313340227507756,0.12896405919661733,0.11398963730569947,0.10780287474332648,0.0948905109489051,0.09948979591836735,0.08333333333333333,0.08256880733944955,0.07297830374753451,0.06100217864923747,0.048458149779735685,0.037037037037037035
28,0.14122533748701974,0.13594232749742532,0.12577319587628866,0.12320328542094455,0.12033195020746888,0.1146161934805468,0.12058212058212059,0.11145833333333334,0.1036036036036036,0.09582309582309582,0.08192090395480225,0.09197651663405088,0.06,0.05521472392638037,0.049107142857142856,0.03088803088803089
29,0.13989637305699482,0.13020833333333334,0.11566018423746162,0.13721413721413722,0.1313340227507756,0.11857292759706192,0.12266112266112265,0.10673575129533677,0.10094637223974763,0.1,0.07326007326007326,0.07952622673434856,0.06679764243614932,0.05060728744939271,0.05263157894736842,0.050445103857566766
30,0.14078674948240166,0.13665254237288135,0.14329896907216494,0.1322314049586777,0.12037037037037036,0.12277019937040924,0.12525879917184266,0.08771929824561403,0.09956236323851203,0.08165680473372781,0.09161490683229814,0.07779578606158834,0.07024029574861368,0.06466512702078522,0.04426559356136821,0.036093418259023353
31,0.12318840579710146,0.13764337851929093,0.13182286302780638,0.13725490196078433,0.11615628299894402,0.11589743589743588,0.10301768990634755,0.10695742471443406,0.10475161987041037,0.10601719197707737,0.08,0.08260105448154657,0.06666666666666667,0.04375,0.05,0.04129793510324484
32,0.13917525773195877,0.1360332294911734,0.14641744548286606,0.12331606217616581,0.12603305785123967,0.12202688728024817,0.1189245087900724,0.10232067510548522,0.10679611650485438,0.09617918313570488,0.08134642356241235,0.08527131782945736,0.07526881720430108,0.07004830917874395,0.038817005545286505,0.043243243243243246
33,0.14093264248704662,0.13960703205791106,0.11860940695296524,0.1357142857142857,0.1266735324407827,0.11204188481675391,0.11666666666666667,0.1021897810218978,0.11014851485148514,0.08813160987074031,0.07347447073474471,0.07993197278911565,0.06934306569343066,0.06167400881057268,0.056179775280898875,0.02622950819672131
34,0.15082644628099173,0.1434468524251806,0.13660062565172054,0.12916666666666665,0.11608961303462322,0.12255965292841647,0.11630321910695741,0.11478800413650467,0.11033681765389083,0.10267229254571027,0.0928,0.0776173285198556,0.06560636182902585,0.058704453441295545,0.04914004914004914,0.0272
35,0.1462409886714727,0.13195876288659794,0.12704918032786885,0.12746113989637306,0.13209494324045407,0.12012320328542093,0.12357217030114227,0.11582213029989659,0.0968421052631579,0.0944976076555024,0.09365079365079365,0.07917383820998279,0.062388591800356503,0.06818181818181819,0.04751619870410367,0.030131826741996232
36,0.1329243353783231,0.12304483837330554,0.1350515463917526,0.1111111111111111,0.13735691987513007,0.11088082901554405,0.11570247933884298,0.10772357723577235,0.09773662551440329,0.09169764560099132,0.08225108225108226,0.0817051509769094,0.06164383561643836,0.05498981670061099,0.04182509505703422,0.033203125
37,0.14182939362795477,0.13319672131147542,0.12240663900414939,0.12234042553191488,0.12630480167014613,0.11789038262668046,0.11410788381742738,0.10833333333333334,0.11625,0.10533515731874143,0.08141321044546851,0.07313195548489666,0.07676348547717843,0.06666666666666667,0.04899777282850779,0.037117903930131
38,0.13257965056526208,0.13860369609856263,0.14060860440713535,0.12061855670103092,0.12086776859504131,0.11570247933884298,0.11205976520811099,0.11122661122661122,0.08928571428571429,0.09224598930481283,0.08739255014326648,0.07881773399014778,0.05014749262536873,0.05295315682281059,0.047619047619047616,0.04057279236276849
39,0.1368312757201646,0.1437435367114788,0.14330218068535824,0.14051282051282052,0.12693498452012383,0.12358393408856848,0.11169652265542676,0.10248447204968944,0.10281385281385282,0.09712722298221614,0.08356545961002786,0.07628524046434494,0.06641366223908919,0.05823293172690763,0.03985507246376812,0.03644646924829157
40,0.14715025906735751,0.13650465356773525,0.13943808532778354,0.13580246913580246,0.12796697626418987,0.11917098445595854,0.1282316442605998,0.10031023784901758,0.10352422907488987,0.08894230769230768,0.09206349206349206,0.07741935483870968,0.08293838862559241,0.06947890818858561,0.05045871559633028,0.039719626168224303
41,0.14715025906735751,0.1380020597322348,0.12251308900523561,0.14123711340206185,0.1266735324407827,0.1149425287356322,0.11649484536082474,0.10288065843621398,0.1021566401816118,0.09391534391534391,0.0947867298578199,0.0741885625965997,0.06060606060606061,0.060674157303370786,0.050808314087759814,0.034408602150537634
42,0.14106583072100315,0.12761506276150628,0.13043478260869565,0.11716341212744091,0.11946446961894952,0.11342351716961498,0.11855670103092783,0.10504634397528322,0.10630841121495327,0.10078534031413613,0.08721804511278196,0.09195402298850575,0.07462686567164178,0.05405405405405406,0.04838709677419355,0.036281179138321996
43,0.14018691588785046,0.13209494324045407,0.12744090441932168,0.11867905056759545,0.12070759625390218,0.1119246861924686,0.11630321910695741,0.1079136690647482,0.0962962962962963,0.08649289099526067,0.08415147265077139,0.0817051509769094,0.061837455830388695,0.058212058212058215,0.052083333333333336,0.035398230088495575
44,0.14476386036960984,0.13367875647668395,0.14451476793248946,0.13209494324045407,0.14059196617336153,0.11526479750778816,0.11721991701244813,0.11649484536082474,0.10340909090909091,0.09673024523160763,0.09144542772861357,0.07088989441930618,0.07053941908713693,0.06443914081145584,0.04296875,0.03556485355648536
45,0.1404786680541103,0.13842975206611569,0.12768130745658834,0.1251303441084463,0.12293388429752067,0.11710794297352342,0.11227701993704092,0.10950413223140495,0.1047180667433832,0.11205673758865249,0.08516483516483517,0.07407407407407407,0.07058823529411765,0.0546875,0.05289672544080604,0.033126293995859216
46,0.12382934443288242,0.14044350580781415,0.13141683778234087,0.1434468524251806,0.11502590673575129,0.11514522821576763,0.10736196319018404,0.11271975180972078,0.09989258861439311,0.09554140127388534,0.07754010695187166,0.07432432432432433,0.05237315875613748,0.048414023372287146,0.05263157894736842,0.037122969837587005
47,0.1323076923076923,0.1386861313868613,0.1326963906581741,0.13333333333333333,0.12033195020746888,0.11844863731656186,0.12242798353909466,0.11065573770491804,0.10551558752997603,0.08955223880597016,0.08545727136431784,0.07496012759170653,0.07724425887265136,0.052941176470588235,0.05789473684210526,0.03800475059382423
48,0.13735691987513007,0.1441908713692946,0.13270637408568442,0.11782786885245901,0.1205311542390194,0.11099691675231244,0.11214953271028039,0.10351966873706003,0.11290322580645161,0.09505208333333334,0.08516886930983847,0.08971962616822429,0.06410256410256411,0.05533596837944663,0.0497737556561086,0.02772963604852686
49,0.14046121593291405,0.14549180327868852,0.12331606217616581,0.12200208550573514,0.12255406797116376,0.11203319502074689,0.11647429171038826,0.10732714138286895,0.09829059829059829,0.08447488584474885,0.07956104252400549,0.0713128038897893,0.07936507936507936,0.059829059829059825,0.043137254901960784,0.03962703962703963
50,0.1463917525773196,0.13394683026584867,0.12278876170655567,0.12949640287769784,0.132429614181439,0.12785862785862787,0.11008230452674897,0.12127440904419322,0.09414225941422595,0.1041388518024032,0.08751793400286945,0.072,0.06360424028268552,0.07084468664850137,0.049217002237136466,0.04071246819338423
