range,-3.0,-2.9,-2.8,-2.7,-2.6,-2.5,-2.4,-2.3,-2.2,-2.1,-2.0,-1.9,-1.8,-1.7,-1.6,-1.5
0.0,677.5481431767338,560.003087248322,356.83686800894856,297.91659955257273,207.38720357941835,171.89243847874718,179.99217002237137,111.32545861297538,87.61203579418344,81.44344519015661,62.29123042505593,33.66089485458613,35.87565995525728,25.69914988814317,25.30362416107382,21.421968680089485
-0.05,692.5582102908278,602.1978076062641,457.6594630872483,321.0885458612976,359.9053243847875,211.19557046979867,202.8421029082774,124.07498881431766,97.74425055928411,87.03874720357942,77.97874720357942,71.59861297539149,64.4449217002237,38.07163310961968,43.97874720357943,32.957315436241615
-0.1,981.3557046979865,752.1361968680089,628.5570022371363,546.684384787472,348.79234899328867,339.91248322147646,279.9463087248322,180.78214765100665,134.55946308724833,126.66684563758389,98.3697539149888,68.13351230425054,70.74720357941834,67.90519015659955,64.41610738255032,39.433959731543624
-0.15,1331.5535123042505,913.8756599552572,681.5851901565997,601.4183445190156,423.1080089485458,394.9850559284116,266.2527516778524,213.49190156599548,171.61740492170023,171.28988814317677,119.129485458613,119.75284116331096,85.47476510067112,76.90492170022372,60.91941834451901,70.93351230425056
-0.2,1669.6662639821027,1315.6341834451903,991.3109619686802,915.9597315436241,663.1353914988815,501.55812080536913,403.37807606263976,355.6501565995526,247.64765100671136,215.71364653243847,204.19686800894854,156.72881431767337,132.0073378076063,126.45409395973154,103.8255033557047,96.12080536912751
-0.25,2193.309217002237,1687.9306040268457,1597.6599552572707,1066.5084563758387,985.2018344519014,577.7684563758389,460.5033109619687,388.56237136465336,372.8053691275167,273.07834451901573,252.43149888143176,176.60586129753918,158.1936912751678,151.6770022371364,129.56711409395976,119.42411633109619
-0.3,3260.3637136465327,2303.525727069351,1134.7740939597318,1289.179821029083,1037.9921700223713,1035.649619686801,651.3243847874721,556.1682774049218,458.34612975391497,395.9991498881431,333.26156599552576,310.9254586129753,200.54604026845638,232.6855033557047,177.4865771812081,185.73619686800893
-0.35,5102.768859060403,2450.6263982102905,2063.01677852349,1619.3775838926174,1371.3018344519014,988.0138255033555,998.9217002237137,656.8320357941833,565.1178523489934,453.58586129753905,489.8004921700224,450.2194183445189,405.4199552572708,260.20711409395966,312.94948545861297,283.17946308724834
-0.4,4231.194451901565,3563.8076062639825,2762.7019686800895,2798.086845637584,1582.1059955257272,1220.932841163311,1264.1170469798658,1098.4272483221478,715.2472483221476,530.5234899328859,586.2489485458611,596.5602237136465,453.39512304250553,330.27364653243853,305.529351230425,310.03579418344526
-0.45,6789.905861297539,5990.721073825503,3291.880492170022,2456.144787472035,2551.1124832214764,1928.854988814318,1390.9194183445188,1056.6268008948546,1162.4186129753912,798.3556599552572,822.5823713646532,577.3421029082775,573.2096644295302,608.5603579418345,479.5704697986578,464.13422818791946
-0.5,8287.91163310962,4788.599552572707,5416.678120805369,3853.0849664429525,4024.2881879194633,2512.721968680089,1866.3649217002235,1356.5555257270694,1174.921700223714,1098.7890827740491,895.6413422818794,821.1192841163312,758.1641610738254,598.0134228187919,718.2203579418344,663.8729753914988
-0.55,10862.661700223713,7484.247919463087,5592.605861297539,3877.4452348993295,3619.8076510067103,2557.181208053691,3296.0723042505597,2025.50196868009,1596.6199552572707,1366.555928411633,1210.0896644295303,1300.5693512304251,969.991096196868,850.1006263982102,814.4421029082775,803.0324832214765
-0.6,10660.97042505593,8649.102639821029,8037.323310961969,6858.365503355705,5709.936644295302,4283.446308724832,3464.5516331096196,2975.5375391498883,2111.2556599552577,1780.545861297539,1669.96706935123,1795.5628187919463,1394.624653243848,1173.8729753914986,1321.005861297539,1219.0145861297542
-0.65,16380.106666666665,13508.983489932885,10935.795123042504,8772.562908277405,5773.970290827741,5251.4093959731545,4582.080357941834,3774.0098881431763,2967.1628187919464,2972.0120357941837,2291.9476062639824,2048.704966442953,1501.4426845637586,2014.5290827740487,1548.50384787472,1635.4160626398211
-0.7,18678.637539149888,13896.699284116332,11932.886845637586,8463.08116331096,6877.556331096196,6116.336868008951,5398.684384787472,3994.2892170022374,3981.0056375838917,3522.7219686800895,2537.2066666666665,2150.031364653244,2596.020089485459,2011.2684116331097,2140.5559284116325,2831.081163310962
-0.75,27846.60599552573,19244.891498881432,18819.907874720357,12016.820089485458,9099.029082774048,9212.479149888142,7648.8100223713645,5750.019015659956,4911.016733780761,4736.775123042505,4062.4467114093954,3864.3449217002226,2913.7259955257273,3101.8011633109613,3500.3359731543624,3444.801610738255
-0.8,30292.74492170022,24966.452617449664,23916.089485458615,14568.50223713647,12986.30787472036,9874.611901565997,8716.051946308724,9268.10384787472,5726.0174049217,4874.6532885906045,4735.9912304250565,4467.172080536913,4462.693914988816,4516.563758389261,4288.39485458613,5179.574093959732
-0.85,32939.069753914984,33257.414049217,25283.535794183445,16258.599060402683,18956.99959731544,13913.28572706935,10898.080536912752,10818.921700223715,7987.275167785235,5757.691096196869,6684.379821029083,5228.701073825502,5694.330604026845,6222.242684563758,4889.658344519016,6240.68120805369
-0.9,59398.7106935123,44921.492438478745,39329.131498881434,25096.028143176733,18488.429351230425,16928.010022371367,16070.693914988815,15747.6277852349,10307.83109619687,9824.340089485459,7968.381610738255,9490.76510067114,7772.72398210291,7916.872304250556,7883.939552572706,8168.116510067111
-0.95,56077.66639821029,48973.483713646536,44731.889082774054,34829.43485458613,27595.202505592842,22544.609619686802,18733.562818791946,17359.395973154362,13966.87431767338,13622.25163310962,9764.425055928412,11539.322416107381,9286.423087248324,11503.022102908275,12734.261700223715,13917.85610738255
-1.0,80594.17700223713,69858.97288590606,61606.95485458612,48715.05700223714,36187.27982102908,30600.31055928411,24703.406040268455,18708.294451901565,18450.608008948548,14605.775794183444,15846.800894854594,15198.939597315437,13277.079418344518,16524.18706935123,13134.87807606264,16569.792572706938
