range,-3.0,-2.9,-2.8,-2.7,-2.6,-2.5,-2.4,-2.3,-2.2,-2.1,-2.0,-1.9,-1.8,-1.7,-1.6,-1.5
0.0,811.18,646.28,525.96,420.78,339.38,276.98,222.78,180.16,144.92,119.34,95.2,80.04,62.02,51.44,39.28,30.44
-0.05,916.2,737.72,594.5,477.52,385.52,315.8,257.04,206.22,166.1,136.38,109.98,92.7,73.06,57.76,47.04,37.24
-0.1,1027.28,831.74,673.56,541.76,439.72,358.86,288.46,237.8,191.98,155.66,128.68,104.62,84.9,68.64,58.32,44.76
-0.15,1163.84,939.9,763.34,622.8,500.1,407.76,336.9,273.4,221.0,179.04,147.26,122.5,97.16,81.58,69.42,55.2
-0.2,1315.36,1062.22,869.66,698.82,568.18,466.06,377.86,314.94,257.12,210.18,171.7,144.62,116.6,96.28,82.48,65.96
-0.25,1487.66,1197.58,982.62,802.68,647.54,524.7,431.98,350.64,293.22,241.38,199.88,166.66,137.04,117.94,97.54,82.06
-0.3,1671.1,1372.8,1108.26,906.46,737.24,600.1,497.44,409.22,334.6,281.42,236.42,194.08,161.18,134.68,117.42,102.5
-0.35,1920.02,1547.86,1265.72,1027.28,844.92,688.82,567.86,471.8,380.24,325.88,266.84,230.16,195.34,161.42,140.52,121.4
-0.4,2168.78,1734.98,1425.0,1158.7,964.54,786.48,649.3,547.3,445.22,371.4,315.48,265.38,226.34,194.66,177.04,160.08
-0.45,2457.98,1980.5,1638.3,1339.66,1076.94,893.3,742.02,613.6,514.42,443.86,370.26,314.78,265.4,233.28,216.92,189.34
-0.5,2774.86,2252.4,1839.5,1511.34,1256.92,1023.36,858.14,723.66,590.92,503.04,430.86,369.34,322.54,283.78,260.26,245.04
-0.55,3137.54,2546.9,2091.04,1735.0,1417.1,1184.94,963.48,816.8,684.06,585.78,505.72,436.02,383.22,336.82,320.8,299.78
-0.6,3552.36,2886.7,2359.92,1957.72,1627.44,1350.5,1137.56,941.18,803.36,684.84,594.74,516.38,459.44,427.52,397.58,376.56
-0.65,4011.66,3273.08,2689.82,2223.66,1857.38,1542.96,1292.12,1087.58,932.36,795.46,693.84,619.72,558.06,510.66,480.98,487.36
-0.7,4537.28,3737.92,3068.42,2554.14,2114.9,1767.76,1503.68,1252.3,1076.56,924.86,788.26,721.12,654.76,626.94,610.38,610.26
-0.75,5147.96,4232.94,3503.58,2893.88,2401.76,2024.56,1721.82,1453.3,1243.36,1104.92,948.56,877.4,800.44,760.76,723.2,772.4
-0.8,5851.84,4822.92,3941.66,3307.56,2758.9,2328.08,1981.0,1682.26,1447.08,1283.48,1118.48,1053.42,934.96,920.34,976.42,1024.08
-0.85,6670.12,5469.68,4551.24,3773.36,3153.46,2656.4,2265.68,1932.88,1706.26,1522.2,1345.14,1261.88,1177.2,1102.18,1230.66,1385.94
-0.9,7446.26,6217.86,5119.16,4273.52,3629.58,3068.88,2607.44,2255.84,1973.86,1738.94,1602.18,1466.12,1408.16,1425.8,1596.42,1878.24
-0.95,8491.64,7085.16,5905.72,4904.68,4094.82,3491.18,3054.28,2652.06,2314.88,2085.94,1914.66,1781.0,1741.96,1812.76,2015.16,2601.86
-1.0,9631.74,8003.42,6637.0,5628.62,4762.88,4029.24,3484.68,2996.52,2663.44,2413.78,2256.52,2138.14,2136.84,2234.96,2724.14,3733.7
