range,-3.0,-2.9,-2.8,-2.7,-2.6,-2.5,-2.4,-2.3,-2.2,-2.1,-2.0,-1.9,-1.8,-1.7,-1.6,-1.5
0.0,851.05,687.25,554.0,444.9,364.5,295.3,241.75,192.85,155.8,124.55,103.05,84.85,64.9,52.9,41.2,30.2
-0.05,969.35,781.0,632.55,510.1,415.0,336.0,277.85,228.65,180.3,147.15,121.0,97.65,76.8,62.4,51.1,38.85
-0.1,1096.0,888.85,723.05,588.2,477.85,386.6,318.15,256.55,210.15,172.85,144.05,115.75,93.05,74.3,63.45,47.85
-0.15,1250.5,1013.7,815.6,666.15,551.05,443.4,367.15,297.8,239.0,193.0,167.05,137.8,111.45,90.85,73.2,64.0
-0.2,1422.9,1154.95,933.0,764.1,625.5,511.3,421.5,334.45,286.2,234.15,191.5,161.75,134.4,114.7,99.8,78.1
-0.25,1601.7,1311.65,1070.85,867.8,712.35,588.05,489.5,398.8,335.15,272.05,234.3,192.7,162.55,133.1,120.4,107.7
-0.3,1834.85,1490.5,1213.3,1001.05,816.15,672.95,557.25,461.55,378.25,323.75,264.7,233.65,191.85,161.9,146.7,136.8
-0.35,2081.15,1702.05,1392.65,1149.3,941.9,777.0,635.45,536.35,445.75,367.05,319.5,273.15,246.1,205.7,187.9,179.7
-0.4,2356.1,1960.7,1593.0,1306.0,1074.1,889.1,742.4,624.65,525.15,439.8,377.05,341.85,293.25,261.65,238.05,226.75
-0.45,2675.5,2196.9,1817.95,1493.85,1240.25,1049.0,862.8,740.7,623.55,538.3,453.25,397.7,356.25,336.2,306.3,311.0
-0.5,3064.5,2511.15,2088.75,1727.8,1417.7,1197.55,1012.4,844.2,732.25,623.2,541.85,479.9,448.3,403.1,396.55,431.3
-0.55,3513.3,2867.0,2354.1,1974.8,1623.55,1370.95,1159.55,987.3,841.95,745.95,655.75,593.45,530.5,514.3,523.85,573.7
-0.6,3984.55,3280.3,2739.95,2285.05,1891.55,1594.25,1361.25,1144.45,1004.0,888.1,794.9,706.1,664.75,662.25,664.75,771.3
-0.65,4549.65,3789.8,3130.0,2609.05,2195.6,1842.85,1576.4,1372.4,1191.1,1068.6,979.15,892.3,842.5,855.5,897.6,1077.25
-0.7,5188.55,4254.6,3576.6,2973.85,2518.4,2184.0,1877.15,1611.5,1385.15,1275.15,1111.2,1077.5,1037.8,1114.15,1297.75,1576.8
-0.75,5953.75,4916.9,4133.45,3429.65,2941.3,2470.95,2166.7,1845.95,1633.2,1495.2,1400.65,1316.65,1377.3,1484.6,1825.0,2800.7
-0.8,6770.4,5598.65,4740.85,4016.35,3374.2,2904.85,2550.5,2231.75,1957.25,1786.95,1676.6,1704.95,1749.3,1939.15,2571.65,5086.8
-0.85,7784.55,6469.6,5399.5,4618.25,3883.1,3394.7,3009.65,2592.8,2366.15,2183.5,2149.05,2146.15,2256.45,2785.7,4023.25,10479.25
-0.9,8895.8,7439.3,6349.5,5347.65,4548.75,3930.3,3532.0,3108.25,2821.85,2683.6,2588.1,2773.85,3029.5,4062.95,7456.95,Inf
-0.95,10166.2,8484.75,7296.2,6159.1,5263.1,4624.35,4148.5,3760.7,3398.35,3317.3,3176.2,3648.05,4258.85,5501.95,Inf,Inf
-1.0,11568.35,9813.25,8332.25,7159.65,6207.9,5543.85,4735.65,4324.55,4068.6,4089.85,4105.9,4506.15,5407.7,9424.0,Inf,Inf
