runs,-1.0,-0.95,-0.9,-0.85,-0.8,-0.75,-0.7,-0.65,-0.6,-0.55,-0.5,-0.45,-0.4,-0.35,-0.3,-0.25,-0.2,-0.15,-0.1,-0.05,0.0
1,0.04143947655398037,0.0511727078891258,0.05125523012552301,0.06329113924050632,0.06820566631689402,0.08122362869198313,0.08826583592938733,0.09917355371900825,0.1318918918918919,0.13190529875986473,0.16593245227606462,0.17530487804878048,0.1950286806883365,0.20078740157480315,0.2634146341463415,0.2761394101876675,0.341296928327645,0.37692307692307697,0.4409090909090909,0.47027027027027024,0.5108695652173914
2,0.04250797024442083,0.043010752688172046,0.05608465608465609,0.06687898089171974,0.07043756670224119,0.08695652173913043,0.1044932079414838,0.08997955010224949,0.1228813559322034,0.15104166666666666,0.15978695073235685,0.19930675909878684,0.21327967806841044,0.22127659574468087,0.2692307692307692,0.2824207492795389,0.34827586206896555,0.38257575757575757,0.40869565217391307,0.4512820512820513,0.4782608695652174
3,0.04927211646136618,0.05172413793103449,0.05296610169491526,0.06519453207150368,0.08360128617363344,0.09004237288135594,0.09895833333333334,0.11042311661506708,0.11202466598150052,0.13466042154566746,0.16161616161616163,0.18780889621087313,0.2097378277153558,0.22795698924731184,0.25365853658536586,0.30386740331491713,0.3249211356466877,0.3694029850746269,0.41125541125541126,0.4603960396039604,0.5549132947976879
4,0.0472610096670247,0.04726890756302521,0.059893048128342244,0.054197662061636565,0.07991587802313355,0.08446298227320125,0.09707724425887265,0.11251314405888538,0.1198738170347003,0.14248704663212436,0.16470588235294117,0.16796267496111977,0.20566037735849058,0.2324561403508772,0.27393617021276595,0.315028901734104,0.3184713375796178,0.33584905660377357,0.4,0.4924623115577889,0.5359116022099447
5,0.047409040793825796,0.04540654699049631,0.06057268722466961,0.06991525423728814,0.07067510548523206,0.09439834024896265,0.09647302904564316,0.11502590673575129,0.12197686645636172,0.14630872483221477,0.15833333333333333,0.1916376306620209,0.2165725047080979,0.22776572668112796,0.2411504424778761,0.29032258064516125,0.30914826498422715,0.3548387096774193,0.4189189189189189,0.4017857142857143,0.45161290322580644
6,0.038918918918918924,0.04461371055495104,0.05584826132771338,0.06,0.07112970711297072,0.0804953560371517,0.10669456066945607,0.11076604554865424,0.1267605633802817,0.1367741935483871,0.17105263157894737,0.17170111287758347,0.20670391061452514,0.21846846846846849,0.2755102040816326,0.3088235294117647,0.3513513513513513,0.396,0.4018264840182648,0.44554455445544555,0.5090909090909091
7,0.04371584699453552,0.056242969628796394,0.053347280334728034,0.0617678381256656,0.06998939554612937,0.09508881922675026,0.08508403361344537,0.10785340314136126,0.12567132116004295,0.1524966261808367,0.15527065527065528,0.18341307814992025,0.20292504570383912,0.22266401590457255,0.24942263279445726,0.27405247813411077,0.3278688524590164,0.3371212121212121,0.4,0.4696969696969697,0.454054054054054
8,0.04670912951167728,0.04793756967670011,0.04931794333683106,0.05777310924369748,0.07203389830508475,0.07886435331230283,0.09053497942386832,0.10214504596527069,0.11570247933884298,0.13399778516057587,0.15549215406562053,0.16472303206997085,0.2043795620437956,0.2572062084257206,0.26208651399491095,0.29775280898876405,0.32881355932203393,0.4048582995951417,0.4156378600823045,0.49743589743589745,0.48538011695906436
9,0.04530011325028313,0.048298572996706916,0.0604332953249715,0.062231759656652355,0.06588735387885228,0.09905163329820864,0.09633507853403142,0.12357217030114227,0.12786885245901639,0.13708690330477358,0.15669515669515668,0.17252931323283083,0.22061855670103095,0.2494577006507592,0.27027027027027023,0.30434782608695654,0.32380952380952377,0.36162361623616235,0.42127659574468085,0.42990654205607476,0.5058823529411764
10,0.039045553145336226,0.042622950819672135,0.058016877637130794,0.05591397849462366,0.06519453207150368,0.08402489626556017,0.0893042575285566,0.11466942148760331,0.12277019937040924,0.14035087719298245,0.1486842105263158,0.1616954474097331,0.1830065359477124,0.23617021276595743,0.2597402597402597,0.2916666666666667,0.32371794871794873,0.3949579831932773,0.4258373205741626,0.5204081632653061,0.5193370165745856
11,0.039572192513368985,0.04689203925845147,0.049462365591397855,0.05307855626326964,0.0641304347826087,0.08592132505175983,0.10649627263045792,0.11685625646328851,0.13123644251626898,0.14762516046213092,0.1661676646706587,0.18006430868167203,0.2007434944237918,0.22807017543859648,0.2433734939759036,0.3005464480874317,0.36054421768707484,0.3619402985074627,0.43043478260869567,0.49738219895287955,0.49222797927461137
12,0.046789989118607184,0.04296455424274973,0.0583058305830583,0.06631578947368422,0.06993736951983298,0.08909853249475892,0.10051813471502591,0.11030176899063476,0.12146596858638745,0.14661654135338345,0.15633423180592992,0.1763698630136986,0.20857699805068225,0.2124756335282651,0.2338308457711443,0.3023255813953489,0.31833910034602075,0.3962962962962963,0.40086206896551724,0.3981900452488688,0.4595959595959596
13,0.041214750542299346,0.05172413793103449,0.06047516198704104,0.06962025316455696,0.08128342245989305,0.07473684210526316,0.10103092783505155,0.10732714138286895,0.13592233009708737,0.13225058004640372,0.1701492537313433,0.18627450980392157,0.20599250936329588,0.2026266416510319,0.26179245283018865,0.28611111111111115,0.3321917808219178,0.3669064748201439,0.3614457831325301,0.4871794871794871,0.5402298850574713
14,0.04466230936819172,0.04898828541001064,0.054945054945054944,0.0665258711721225,0.07539267015706806,0.08854166666666666,0.09006211180124224,0.11538461538461539,0.11618257261410787,0.15,0.1657303370786517,0.16793893129770993,0.19889502762430938,0.23974082073434128,0.2887700534759358,0.26628895184135976,0.34105960264900664,0.34827586206896555,0.4549549549549549,0.4747474747474748,0.48924731182795705
15,0.03987068965517242,0.052294557097118465,0.05579399141630901,0.06659729448491156,0.08501594048884166,0.08691099476439791,0.10580912863070539,0.10433884297520661,0.13053097345132744,0.14361001317523056,0.16788321167883213,0.1797153024911032,0.2030075187969925,0.24724061810154527,0.24019607843137253,0.3016759776536313,0.3191489361702128,0.3807829181494662,0.3983739837398374,0.4558823529411765,0.5548780487804877
16,0.04308093994778068,0.04618689581095596,0.0527448869752422,0.07419354838709678,0.07561235356762513,0.09338929695697797,0.09863588667366212,0.10298661174047373,0.13356164383561644,0.1386255924170616,0.15816993464052287,0.1883116883116883,0.2179732313575526,0.20792079207920794,0.26252983293556087,0.2968299711815562,0.3492063492063492,0.3858267716535433,0.396078431372549,0.48768472906403937,0.4920634920634921
17,0.046038543897216275,0.042283298097251586,0.05654450261780104,0.06210526315789473,0.07127882599580714,0.0806282722513089,0.08932238193018481,0.10337552742616034,0.1134020618556701,0.14640522875816991,0.16592592592592592,0.17165354330708663,0.20921305182341648,0.2219917012448133,0.25440806045340053,0.2796610169491526,0.34563758389261745,0.33584905660377357,0.37931034482758624,0.48148148148148145,0.49132947976878616
18,0.04831460674157303,0.04989154013015184,0.056323060573857595,0.06639004149377593,0.0700836820083682,0.08042328042328042,0.09781477627471384,0.10602910602910602,0.11875000000000001,0.13662456946039037,0.16666666666666666,0.17694805194805197,0.22289156626506024,0.2257383966244726,0.25742574257425743,0.29050279329608936,0.33018867924528306,0.36501901140684406,0.4024896265560166,0.3936651583710407,0.4869109947643979
19,0.032873806998939555,0.04741379310344828,0.05951115834218917,0.07465825446898003,0.0689289501590668,0.08210526315789474,0.09401709401709402,0.11387163561076605,0.1308840413318025,0.13333333333333333,0.1534090909090909,0.1669150521609538,0.1873905429071804,0.21689059500959693,0.2824427480916031,0.29213483146067415,0.33121019108280253,0.3345724907063197,0.3531746031746032,0.47000000000000003,0.5116279069767442
20,0.04589114194236926,0.043663471778487756,0.056179775280898875,0.06505771248688352,0.07263157894736842,0.08012820512820512,0.09090909090909091,0.10651499482936919,0.12747252747252746,0.14540816326530612,0.15104166666666666,0.18617021276595747,0.21485943775100402,0.21343873517786563,0.2595419847328244,0.2627551020408163,0.31267605633802814,0.3529411764705882,0.3815789473684211,0.4511627906976744,0.5083798882681565
21,0.04222222222222222,0.053022269353128315,0.056323060573857595,0.0707182320441989,0.07278481012658228,0.0776495278069255,0.07979274611398963,0.11776859504132232,0.12837837837837837,0.14724711907810498,0.15036496350364964,0.17628705148205928,0.20111731843575417,0.23206751054852318,0.25,0.27218934911242604,0.31137724550898205,0.35815602836879434,0.37209302325581395,0.46596858638743455,0.5722543352601156
22,0.048754062838569874,0.043663471778487756,0.05555555555555555,0.05962343096234309,0.07586933614330875,0.06867845993756504,0.09081527347781218,0.11170212765957446,0.11827956989247311,0.1313953488372093,0.1631504922644163,0.17450682852807284,0.1882770870337478,0.2159827213822894,0.29289940828402367,0.28034682080924855,0.3180428134556575,0.3356643356643357,0.4016393442622951,0.44390243902439025,0.5257142857142857
23,0.04185022026431718,0.04618689581095596,0.05526590198123045,0.07150368033648791,0.07067510548523206,0.07883817427385892,0.08926673751328373,0.10466321243523316,0.1209016393442623,0.1433868974042027,0.17117117117117117,0.1859706362153344,0.22115384615384617,0.21115537848605578,0.2704714640198511,0.2962962962962963,0.3063063063063063,0.34767025089605735,0.42127659574468085,0.39449541284403666,0.48520710059171596
24,0.046538024971623154,0.05319148936170213,0.044857768052516414,0.06610703043022036,0.07194994786235662,0.08501594048884166,0.09553478712357218,0.11709844559585492,0.11986681465038844,0.15446071904127828,0.15595075239398085,0.17492260061919507,0.20727272727272725,0.22477064220183485,0.25531914893617025,0.2883116883116883,0.3431372549019608,0.35687732342007433,0.3760330578512397,0.4696969696969697,0.46022727272727276
25,0.0344062153163152,0.05053763440860215,0.05888650963597431,0.06984126984126984,0.07987220447284345,0.07303974221267454,0.09578947368421052,0.11431513903192583,0.12992545260915866,0.14556962025316456,0.1632088520055325,0.17252396166134185,0.22174840085287845,0.2322175732217573,0.25384615384615383,0.26485148514851486,0.3121019108280255,0.3619402985074627,0.41921397379912667,0.4387755102040816,0.46341463414634143
26,0.042598509052183174,0.05,0.05190677966101695,0.06359649122807018,0.06486486486486487,0.08835758835758835,0.10272536687631027,0.10736196319018404,0.13566739606126915,0.13687782805429866,0.1649331352154532,0.1793570219966159,0.1989051094890511,0.23376623376623376,0.25813953488372093,0.29708222811671087,0.31921824104234525,0.3449612403100775,0.39830508474576276,0.45544554455445546,0.5053191489361702
27,0.04055496264674493,0.046908315565031986,0.05274261603375527,0.061571125265392775,0.08122362869198313,0.08523908523908523,0.09690721649484535,0.10995850622406639,0.11974789915966387,0.15175097276264593,0.16934306569343066,0.2150735294117647,0.20833333333333334,0.20801526717557253,0.22695035460992907,0.2694300518134715,0.31391585760517804,0.363013698630137,0.4156378600823045,0.42543859649122806,0.4886363636363636
28,0.04491978609625668,0.046536796536796536,0.05345911949685534,0.06505771248688352,0.07042253521126761,0.08,0.08402489626556017,0.11134020618556702,0.12070759625390218,0.142018779342723,0.171875,0.18823529411764706,0.19680851063829788,0.2236842105263158,0.23348017621145375,0.2770448548812665,0.3056379821958457,0.3692307692307692,0.424892703862661,0.49473684210526314,0.5056179775280899
29,0.04741833508956797,0.04983748645720477,0.055853920515574654,0.0774869109947644,0.07569296375266525,0.0836083608360836,0.09558823529411764,0.10703043022035676,0.12219959266802444,0.1542483660130719,0.1664167916041979,0.17956656346749228,0.20527306967984932,0.25116279069767444,0.271356783919598,0.2853470437017995,0.3098159509202454,0.38805970149253727,0.4177215189873418,0.4278846153846154,0.4696132596685083
30,0.040955631399317405,0.03640500568828214,0.06170212765957447,0.06996770721205597,0.07869884575026233,0.08263598326359832,0.1029106029106029,0.1044932079414838,0.12486544671689989,0.13922518159806294,0.17575757575757578,0.18548387096774194,0.20572450805008946,0.22792607802874743,0.24121779859484777,0.3159420289855073,0.2990936555891239,0.38202247191011235,0.3582677165354331,0.429951690821256,0.48351648351648346
31,0.042643923240938165,0.04896626768226333,0.052518756698821,0.06716417910447761,0.06276150627615062,0.0804953560371517,0.1022964509394572,0.10706638115631692,0.12068965517241378,0.1419185282522996,0.15759312320916904,0.16472303206997085,0.20872865275142313,0.24061810154525387,0.27007299270072993,0.3017241379310345,0.31756756756756754,0.33454545454545453,0.40444444444444444,0.4851485148514852,0.5209580838323353
32,0.0365296803652968,0.04472843450479233,0.05351521511017838,0.060860440713536204,0.0743455497382199,0.08057851239669421,0.08872651356993737,0.10822060353798127,0.12581344902386118,0.13553113553113555,0.16023738872403562,0.19387755102040816,0.19525547445255473,0.25462962962962965,0.24608501118568232,0.2776280323450135,0.30944625407166126,0.38955823293172687,0.4008097165991903,0.4557522123893806,0.4659090909090909
33,0.04112554112554113,0.047670639219934995,0.047670639219934995,0.07567567567567568,0.0791974656810982,0.08490566037735849,0.09773662551440329,0.10355648535564854,0.11654526534859522,0.14656290531776914,0.1662087912087912,0.17880794701986755,0.22467771639042358,0.2168421052631579,0.2720403022670025,0.2753246753246753,0.296969696969697,0.3707865168539326,0.39166666666666666,0.43999999999999995,0.48
34,0.03477344573234984,0.05384615384615384,0.0684326710816777,0.07127659574468084,0.07633587786259542,0.0827300930713547,0.08247422680412371,0.10858324715615306,0.13220338983050847,0.1393939393939394,0.1419185282522996,0.17095310136157335,0.20736434108527133,0.2348008385744235,0.27835051546391754,0.3005780346820809,0.3074712643678161,0.36704119850187267,0.4104803493449782,0.43500000000000005,0.47282608695652173
35,0.04403866809881848,0.05170387779083432,0.053475935828877004,0.06349206349206349,0.06596858638743455,0.08350951374207188,0.09006211180124224,0.11666666666666667,0.13023255813953488,0.14785992217898833,0.16184971098265896,0.20326678765880218,0.20499108734402852,0.2114164904862579,0.2446043165467626,0.26944444444444443,0.32459016393442625,0.3754789272030651,0.43421052631578944,0.4343434343434343,0.48351648351648346
36,0.04408602150537634,0.05119825708061002,0.06057385759829968,0.05662393162393162,0.06938325991189427,0.08418891170431211,0.1014344262295082,0.10072689511941849,0.12513842746400886,0.1473684210526316,0.15952732644017725,0.1888701517706577,0.21669980119284293,0.2562929061784897,0.25176470588235295,0.31137724550898205,0.33666666666666667,0.3831417624521073,0.40909090909090906,0.4623115577889447,0.4640883977900553
37,0.04134929270946681,0.049473684210526316,0.057712486883525704,0.07058823529411765,0.06666666666666667,0.08792372881355932,0.09597523219814241,0.10319917440660475,0.12260967379077614,0.13999999999999999,0.16151685393258428,0.1755485893416928,0.19073083778966132,0.232409381663113,0.2907608695652174,0.27913279132791324,0.3021148036253776,0.34057971014492755,0.4069264069264069,0.5263157894736842,0.5141242937853108
38,0.044857768052516414,0.053968253968253964,0.05850487540628386,0.06937033084311632,0.07465825446898003,0.0825593395252838,0.09667359667359668,0.10531803962460896,0.1265126512651265,0.14339622641509434,0.16666666666666666,0.17447495961227785,0.20326678765880218,0.26618705035971224,0.26302083333333337,0.3181818181818182,0.3422818791946309,0.3695652173913043,0.3948497854077253,0.4532019704433498,0.5027932960893855
39,0.042622950819672135,0.05,0.06553911205073996,0.06277056277056277,0.06701570680628273,0.07946336429308566,0.09707724425887265,0.11455108359133127,0.13392857142857142,0.13131313131313133,0.15905743740795286,0.17028380634390652,0.2018018018018018,0.2385321100917431,0.2740740740740741,0.2796833773087071,0.34285714285714286,0.3548387096774193,0.4026548672566372,0.46341463414634143,0.47560975609756095
40,0.033297529538131046,0.048728813559322036,0.061052631578947365,0.06616052060737528,0.07489451476793249,0.07668067226890755,0.10916580844490217,0.11019567456230692,0.12659574468085105,0.13842482100238662,0.16897081413210446,0.16890881913303438,0.1947069943289225,0.25961538461538464,0.24711316397228636,0.27671232876712326,0.3136094674556213,0.4071146245059289,0.4401709401709402,0.4386792452830188,0.5
41,0.0499457111834962,0.05274725274725275,0.05448717948717949,0.05578947368421053,0.06715634837355719,0.08161157024793389,0.08863399374348278,0.12278876170655567,0.11709844559585492,0.13999999999999999,0.16689655172413792,0.189328743545611,0.18664383561643835,0.23348017621145375,0.26356589147286824,0.2545454545454546,0.33226837060702874,0.3487544483985765,0.3968253968253968,0.44495412844036697,0.5290697674418605
42,0.0379746835443038,0.04746835443037975,0.058888888888888886,0.06947368421052631,0.06984126984126984,0.07407407407407407,0.08403361344537814,0.10526315789473684,0.12195121951219513,0.12365591397849461,0.1715542521994135,0.18037974683544303,0.21611001964636545,0.21987315010570824,0.2690217391304348,0.29775280898876405,0.34105960264900664,0.375,0.39662447257383965,0.4729064039408867,0.5076923076923077
43,0.04299889746416759,0.04180064308681672,0.05063291139240506,0.06526315789473684,0.07820646506777894,0.09186906019007392,0.09883103081827842,0.10559662090813093,0.13132530120481928,0.14547677261613692,0.16741405082212257,0.18070444104134764,0.2274590163934426,0.2231578947368421,0.2779220779220779,0.2945945945945946,0.3166144200626959,0.3645833333333333,0.4385964912280702,0.4444444444444444,0.48186528497409326
44,0.04793756967670011,0.04694323144104804,0.05445026178010471,0.05837837837837838,0.08059384941675504,0.08956796628029505,0.10125260960334029,0.11570247933884298,0.11458333333333334,0.13636363636363638,0.1615853658536585,0.19487179487179487,0.20901639344262296,0.23903508771929827,0.2682926829268293,0.3074626865671642,0.35353535353535354,0.37751004016064255,0.39473684210526316,0.42790697674418604,0.4810810810810811
45,0.0497737556561086,0.05431309904153355,0.05921052631578947,0.0625,0.0761904761904762,0.08835758835758835,0.10405827263267431,0.11123470522803114,0.12580645161290321,0.13230035756853398,0.17058823529411765,0.19006849315068491,0.23225806451612904,0.2435344827586207,0.2646310432569975,0.2757660167130919,0.31446540880503143,0.4268292682926829,0.38683127572016457,0.4723618090452261,0.5088757396449705
46,0.0418041804180418,0.048754062838569874,0.05543237250554324,0.06944444444444445,0.07223942208462332,0.09453781512605042,0.08528784648187633,0.11455108359133127,0.13024282560706402,0.14583333333333334,0.1529745042492918,0.18914185639229422,0.21142857142857144,0.23516483516483516,0.24367816091954023,0.328125,0.3243243243243243,0.37404580152671757,0.4083333333333333,0.4688995215311005,0.5195530726256983
47,0.042391304347826085,0.05614406779661017,0.05502645502645503,0.06389776357827476,0.06910994764397906,0.08368200836820085,0.09006211180124224,0.10548086866597725,0.1281767955801105,0.13027744270205066,0.1535211267605634,0.1641337386018237,0.20038910505836577,0.21784232365145229,0.272,0.2663043478260869,0.3448275862068966,0.3548387096774193,0.4104803493449782,0.46798029556650245,0.514792899408284
48,0.04357298474945534,0.05032822757111597,0.05021367521367521,0.06041666666666666,0.06745182012847965,0.09024134312696748,0.0982419855222337,0.10344827586206898,0.125,0.13838748495788208,0.1647887323943662,0.19402985074626863,0.2,0.212890625,0.2849740932642487,0.29673590504451036,0.33666666666666667,0.38345864661654133,0.481981981981982,0.4414893617021276,0.4831460674157303
49,0.046137339055793994,0.043243243243243246,0.05073995771670191,0.06414300736067298,0.07604166666666667,0.08668076109936575,0.09543568464730291,0.10824742268041238,0.12238493723849374,0.15675675675675677,0.14881780250347704,0.19782214156079855,0.21653543307086615,0.2562929061784897,0.26666666666666666,0.2766497461928934,0.34121621621621623,0.3684210526315789,0.4088888888888889,0.42660550458715596,0.4603960396039604
50,0.043918918918918914,0.04893617021276596,0.05223068552774755,0.0529595015576324,0.07545164718384696,0.09072164948453608,0.1001031991744066,0.09865005192107996,0.11991657977059436,0.13333333333333333,0.17126269956458637,0.2,0.22134387351778653,0.2194616977225673,0.2621359223300971,0.270949720670391,0.3311036789297659,0.3285198555956679,0.39166666666666666,0.44221105527638194,0.4866310160427808
