range,-3.0,-2.9,-2.8,-2.7,-2.6,-2.5,-2.4,-2.3,-2.2,-2.1,-2.0,-1.9,-1.8,-1.7,-1.6,-1.5
0.0,455.1026315789473,281.7763157894737,114.84210526315789,83.04210526315788,148.3684210526316,87.48421052631579,73.88157894736842,55.18684210526315,63.85263157894736,52.892105263157895,26.681578947368422,39.08157894736843,19.778947368421054,23.357894736842105,20.589473684210525,7.85263157894737
-0.05,410.1342105263158,220.42105263157896,193.62894736842102,189.98947368421054,66.0,80.63157894736842,172.9763157894737,60.1342105263158,60.53684210526315,48.555263157894736,92.42105263157895,41.607894736842105,36.16842105263159,28.778947368421058,48.09473684210526,31.502631578947366
-0.1,330.94736842105266,302.7657894736842,313.1026315789473,243.64210526315787,260.45,163.51578947368424,140.87105263157895,130.68157894736842,103.92368421052632,68.76578947368421,91.10263157894735,34.61842105263158,75.52368421052631,31.90526315789474,58.47105263157895,35.08157894736843
-0.15,391.0,488.1157894736842,359.2,178.34473684210525,259.5236842105263,141.72631578947366,158.87105263157892,103.22105263157896,137.57894736842104,77.6842105263158,128.15526315789475,84.48421052631579,55.20789473684211,70.13421052631577,79.74736842105263,82.52631578947368
-0.2,1341.1473684210525,431.10263157894735,526.421052631579,192.30526315789473,329.0,308.4315789473684,199.10526315789474,115.83947368421055,357.0105263157895,207.5026315789474,169.31578947368422,121.25,141.83157894736837,163.90526315789472,308.6947368421053,108.5157894736842
-0.25,1254.4315789473687,1009.0815789473681,766.028947368421,504.5894736842106,379.9236842105263,494.68157894736834,545.1052631578947,475.64210526315793,363.39736842105265,133.94473684210527,246.5368421052631,310.9578947368421,184.68157894736842,126.41052631578948,156.14736842105265,419.2736842105263
-0.3,1553.0815789473681,1313.7368421052631,807.9052631578949,1055.8394736842106,658.3447368421052,504.4710526315788,262.82894736842104,454.15526315789475,217.77631578947367,201.46052631578948,129.4842105263158,289.6078947368421,254.23947368421054,416.30526315789473,634.5368421052631,1073.9578947368423
-0.35,1306.5552631578946,1832.05,1977.607894736842,1418.0105263157895,813.357894736842,637.2631578947369,816.471052631579,620.028947368421,686.1973684210526,266.36578947368423,206.47368421052633,596.6605263157894,728.7263157894737,850.7473684210527,290.09473684210525,1405.2736842105262
-0.4,1067.6736842105263,2691.1684210526314,801.6842105263158,1210.2105263157894,1044.3052631578946,971.1473684210528,700.042105263158,773.292105263158,966.1342105263158,148.79999999999998,506.68157894736834,749.5026315789474,546.5131578947369,988.7657894736842,826.4710526315789,1342.828947368421
-0.45,3417.4210526315787,2866.936842105263,2040.5763157894735,1562.45,679.8815789473684,2051.2631578947367,1665.1157894736843,1456.642105263158,544.9973684210526,1127.5894736842104,1175.0394736842106,983.4842105263158,649.4605263157895,1087.4315789473683,1886.536842105263,1912.2105263157894
-0.5,4697.8421052631575,1714.5552631578946,3531.3552631578946,3778.905263157895,2002.4315789473683,2131.523684210526,1066.3578947368424,1162.378947368421,1656.7236842105262,2241.4315789473685,1823.292105263158,775.1473684210526,1871.3789473684212,1240.621052631579,2629.2078947368423,8920.43157894737
-0.55,6781.37894736842,4165.789473684211,2842.6210526315786,4672.168421052632,3074.7868421052635,4373.418421052632,2121.207894736842,2335.4842105263156,2730.6815789473685,2282.1552631578948,2111.1447368421054,2563.8394736842106,3225.315789473684,3823.905263157895,3107.8184210526315,5674.4315789473685
-0.6,2808.260526315789,8608.326315789473,6495.313157894737,5227.418421052632,3081.6289473684214,4546.513157894737,2141.25,5639.207894736844,4606.210526315789,2386.4105263157894,2852.515789473684,5001.357894736843,3614.934210526316,7460.618421052632,4758.3026315789475,17543.589473684213
-0.65,9571.292105263157,14074.589473684211,9434.526315789473,4568.786842105263,5823.410526315789,4961.081578947368,3409.3052631578944,2073.4105263157894,4285.778947368421,8039.410526315792,5911.081578947368,3866.8526315789472,8646.157894736842,6803.0,16710.463157894737,13102.618421052632
-0.7,15611.523684210524,14536.884210526316,7788.463157894737,5218.660526315791,5558.357894736842,8132.526315789473,9964.66052631579,4204.473684210527,5664.239473684211,6068.0289473684215,2834.063157894737,7790.368421052632,8848.589473684211,17334.134210526314,35130.93421052631,41519.95789473684
-0.75,15375.671052631578,11153.042105263157,9836.26052631579,9157.397368421052,18922.32631578947,10905.944736842106,14037.378947368421,3856.5763157894726,4612.484210526316,8880.168421052631,21096.555263157894,6635.502631578947,32554.642105263156,30537.305263157898,52908.10526315789,265176.852631579
-0.8,13277.515789473684,10624.134210526316,15003.607894736844,7696.976315789475,10851.642105263156,10674.66052631579,9595.842105263158,11081.46052631579,5086.3026315789475,10744.681578947368,14593.726315789472,15941.944736842102,21767.905263157892,47004.765789473684,140428.76578947366,606572.3789473684
-0.85,20132.471052631576,29711.41052631579,10288.263157894737,36898.61842105263,14422.200000000003,24277.8,21086.45,16357.957894736839,14712.344736842108,20704.473684210527,33123.313157894736,46447.18684210526,58455.313157894736,177715.1684210526,537680.197368421,5.8838914605263155e6
-0.9,28097.010526315786,23946.957894736843,29325.63157894737,13748.344736842104,23651.46052631579,28206.95789473684,21350.42105263158,22860.092105263157,23263.923684210527,26229.621052631577,49868.621052631584,54034.028947368424,57823.73684210526,218633.73421052634,527703.9447368422,Inf
-0.95,37641.53684210526,43131.77631578947,52682.8,40046.621052631584,38575.46315789474,44968.34473684211,63541.94736842105,18789.378947368423,31092.45,54199.063157894736,97368.06315789474,57249.10263157894,241378.97631578948,312947.41842105263,Inf,Inf
-1.0,72612.55526315789,59102.09210526316,96037.3552631579,79523.29210526316,12976.2,83866.1342105263,33186.765789473684,28051.944736842102,54413.094736842104,51276.45000000001,102490.51578947369,112249.60789473684,256433.80000000002,2.3808834736842103e6,Inf,Inf
